hhid	pid	mpesa_user	service	mpesa_service_importance	mpesa_service_freq
1265041.0	1	1	4	1	4
1265041.0	1	1	3	2	4
1265041.0	1	1	2	3	8
1265041.0	1	1	7	4	4
1265041.0	1	1	1	5	3
1265041.0	1	1	8	6	4
1265067.0	1	1	4	1	4
1265067.0	1	1	7	2	1
1265067.0	1	1	1	3	4
1265067.0	1	1	8	4	4
1265080.0	1	1	8	1	4
1265080.0	1	1	3	2	4
1265080.0	1	1	1	3	4
1265080.0	1	1	4	4	4
1266112.0	1	1	99		
1266099.0	1	1	99		
1266035.0	1	1	99		
1267057.0	1	1	99		
1267051.0	1	1	99		
1267003.0	1	1	99		
1267069.0	1	1	99		
1269019.0	1	1	4	1	4
1269019.0	1	1	1	2	7
1269019.0	1	1	8	3	4
1269064.0	1	1	3	1	5
1269064.0	1	1	4	2	5
1269037.0	1	1	1	1	2
1269037.0	1	1	4	2	3
1269037.0	1	1	3	3	2
1269037.0	1	1	2	4	2
1269037.0	1	1	8	5	4
1269082.0	1	1	8	0	4
1269082.0	1	1	4	1	4
1269082.0	1	1	3	2	4
1269082.0	1	1	7	3	4
1269082.0	1	1	1	4	4
1269082.0	1	1	2	5	4
1269001.0	1	1	1	0	2
1269001.0	1	1	3	0	4
1269001.0	1	1	4	0	4
1269001.0	1	1	8	0	4
1270104.0	1	2	4	1	4
1270104.0	1	2	3	2	4
1270101.0	1	1	3	1	4
1270101.0	1	1	7	2	4
1270101.0	1	1	1	3	4
1270101.0	1	1	8	4	4
1270031.0	1	2	3	1	6
1270082.0	1	1	3	1	4
1270082.0	1	1	4	2	6
1270093.0	1	1	3	1	4
1270093.0	1	1	5	2	4
1272042.0	1	1	1	0	8
1272042.0	1	1	3	0	8
1272042.0	1	1	8	0	4
1272002.0	1	1	3	1	4
1272002.0	1	1	4	2	4
1272002.0	1	1	1	3	2
1272002.0	1	1	2	4	2
1272002.0	1	1	8	5	4
1272026.0	1	2	3	1	5
1272026.0	1	2	4	2	5
1274003.0	1	1	3	1	4
1274003.0	1	1	4	2	4
1274003.0	1	1	2	3	1
1274003.0	1	1	1	4	1
1274003.0	1	1	8	5	4
1274029.0	1	1	3	1	4
1274029.0	1	1	2	2	8
1274029.0	1	1	1	3	2
1274029.0	1	1	4	4	8
1274029.0	1	1	8	5	4
1275012.0	1	1	3	1	6
1275012.0	1	1	1	2	6
1275012.0	1	1	8	3	4
1275061.0	1	1	7	1	4
1275061.0	1	1	3	2	4
1275061.0	1	1	4	3	4
1275061.0	1	1	2	4	3
1276037.0	1	1	99		
1276024.0	1	1	99		
1276010.0	1	1	99		
1276033.0	1	1	99		
1280039.0	1	1	3	1	3
1280039.0	1	1	1	2	3
1280039.0	1	1	2	3	8
1280039.0	1	1	8	4	4
1280033.0	1	1	3	1	5
1280033.0	1	1	7	2	4
1280033.0	1	1	9	3	4
1280033.0	1	1	1	4	8
1280033.0	1	1	2	5	8
1280033.0	1	1	8	6	4
1280006.0	1	1	3	1	5
1282078.0	1	1	3	1	6
1282078.0	1	1	4	2	6
1282078.0	1	1	1	3	4
1282078.0	1	1	8	4	4
1282036.0	1	1	3	1	4
1282036.0	1	1	1	2	4
1282036.0	1	1	8	3	4
1282020.0	1	1	3	1	4
1282020.0	1	1	7	2	4
1282045.0	1	1	4	1	4
1282045.0	1	1	1	2	2
1282045.0	1	1	2	3	4
1282045.0	1	1	3	4	8
1282045.0	1	1	7	5	4
1282045.0	1	1	9	6	4
1282045.0	1	1	8	7	4
1283046.0	1	1	3	1	3
1283046.0	1	1	1	2	3
1283046.0	1	1	8	3	4
1283046.0	1	1	7	4	3
1283046.0	1	1	6	5	3
1283046.0	1	1	2	6	8
1283046.0	1	1	4	7	8
1283020.0	1	1	8	1	4
1283020.0	1	1	3	2	4
1283020.0	1	1	4	3	4
1283020.0	1	1	2	4	4
1283020.0	1	1	1	5	4
1283099.0	1	1	3	1	5
1283099.0	1	1	1	2	3
1283099.0	1	1	8	3	4
1284035.0	1	1	7	1	2
1284035.0	1	1	8	2	4
1284035.0	1	1	3	3	4
1284035.0	1	1	4	4	4
1284035.0	1	1	1	5	3
1284084.0	1	1	3	1	4
1284084.0	1	1	4	2	4
1284060.0	1	1	3	1	4
1284060.0	1	1	1	2	4
1284060.0	1	1	8	3	4
1284109.0	1	1	3	1	4
1284109.0	1	1	4	2	8
1284022.0	1	1	4	0	8
1284022.0	1	1	8	0	4
1284022.0	1	1	7	1	4
1284022.0	1	1	3	2	4
1284022.0	1	1	2	3	8
1284022.0	1	1	1	4	8
1294014.0	1	1	7	1	4
1294014.0	1	1	8	2	4
1294014.0	1	1	4	3	4
1294014.0	1	1	1	4	2
1294014.0	1	1	2	5	8
1294014.0	1	1	3	6	8
1294068.0	1	1	4	1	4
1294137.0	1	1	4	1	4
1294137.0	1	1	3	2	4
1294137.0	1	1	1	3	3
1294137.0	1	1	2	4	4
1294137.0	1	1	5	5	4
1294137.0	1	1	7	6	4
1294137.0	1	1	8	7	4
1295084.0	1	1	99		
1295073.0	1	1	99		
1295049.0	1	1	99		
1295003.0	1	1	99		
1296062.0	1	1	99		
1296082.0	1	1	99		
1296071.0	1	1	99		
1296053.0	1	1	99		
1297092.0	1	1	3	1	5
1297092.0	1	1	1	2	6
1297092.0	1	1	8	3	4
1297092.0	1	1	4	4	6
1297110.0	1	1	4	1	4
1297110.0	1	1	5	2	4
1298084.0	1	1	3	1	2
1298084.0	1	1	4	2	2
1298084.0	1	1	2	3	4
1298091.0	1	1	3	1	5
1298091.0	1	1	4	2	3
1298091.0	1	1	1	3	4
1298091.0	1	1	8	4	4
1298037.0	1	1	4	1	4
1298037.0	1	1	3	2	4
1298054.0	1	1	4	1	4
1298054.0	1	1	1	2	4
1298054.0	1	1	2	3	4
1298054.0	1	1	3	4	4
1298054.0	1	1	8	5	4
1299020.0	1	1	3	1	4
1299020.0	1	1	4	2	8
1299034.0	1	1	3	1	4
1299034.0	1	1	7	2	4
1299034.0	1	1	1	3	4
1299034.0	1	1	2	4	8
1299034.0	1	1	8	5	4
1299119.0	1	1	4	1	8
1299119.0	1	1	1	2	3
1299119.0	1	1	3	3	3
1299119.0	1	1	2	4	4
1299119.0	1	1	8	5	4
1299091.0	1	1	3	1	4
1299088.0	1	1	3	1	6
1300046.0	1	1	3	1	4
1300005.0	1	1	5	0	4
1300005.0	1	1	8	0	4
1300005.0	1	1	3	1	8
1300005.0	1	1	4	2	8
1300005.0	1	1	7	3	8
1300005.0	1	1	1	4	1
1300005.0	1	1	2	5	1
1300066.0	1	1	8	1	5
1300066.0	1	1	3	2	5
1300066.0	1	1	4	3	5
1300066.0	1	1	1	4	4
1300036.0	1	1	3	1	4
1302023.0	1	1	3	1	4
1302023.0	1	1	4	2	8
1302023.0	1	1	2	3	2
1302023.0	1	1	7	4	8
1302002.0	1	2	4	1	8
1302035.0	1	1	3	1	4
1302035.0	1	1	4	2	8
1302004.0	1	1	3	1	4
1302004.0	1	1	4	2	4
1302017.0	1	1	3	1	4
1302017.0	1	1	4	2	4
1302017.0	1	1	1	3	1
1302017.0	1	1	2	4	3
1302017.0	1	1	8	5	4
1303026.0	1	1	4	1	8
1303040.0	1	1	3	1	8
1303040.0	1	1	1	2	2
1303040.0	1	1	8	3	4
1303036.0	1	1	3	1	4
1303036.0	1	1	4	2	8
1304035.0	1	2	99		
1304033.0	1	1	99		
1304067.0	1	1	99		
1304056.0	1	1	99		
1304025.0	1	1	99		
1304049.0	1	1	99		
1305098.0	1	1	7	1	2
1305098.0	1	1	1	2	1
1305098.0	1	1	8	3	4
1305074.0	1	1	7	1	4
1305074.0	1	1	3	2	8
1305074.0	1	1	1	3	8
1305074.0	1	1	4	4	8
1305074.0	1	1	2	5	8
1305074.0	1	1	8	6	4
1305003.0	1	2	4	1	8
1305023.0	1	1	3	1	4
1305023.0	1	1	4	2	4
1305023.0	1	1	8	3	4
1305023.0	1	1	1	4	4
1305023.0	1	1	2	5	4
1305034.0	1	1	4	1	3
1305094.0	1	2	3	1	8
1305094.0	1	2	4	2	8
1305064.0	1	1	4	1	3
1305064.0	1	1	3	2	4
1308033.0	1	1	5	1	8
1308033.0	1	1	1	2	8
1308033.0	1	1	8	3	4
1308028.0	1	1	4	1	4
1308028.0	1	1	3	2	4
1308028.0	1	1	1	3	4
1308028.0	1	1	8	4	4
1308022.0	1	1	3	0	5
1308022.0	1	1	8	0	4
1308022.0	1	1	4	1	5
1308022.0	1	1	1	2	3
1308022.0	1	1	2	3	5
1308022.0	1	1	7	4	2
1308017.0	1	1	4	1	4
1308017.0	1	1	3	2	4
1308017.0	1	1	6	3	4
1308017.0	1	1	1	4	4
1308017.0	1	1	8	5	4
1309008.0	1	1	3	1	2
1309008.0	1	1	4	2	4
1309008.0	1	1	7	3	2
1309008.0	1	1	1	4	1
1309008.0	1	1	2	5	2
1309008.0	1	1	8	6	4
1309027.0	1	2	3	1	3
1309027.0	1	2	4	2	3
1309035.0	1	1	3	1	5
1309035.0	1	1	7	2	5
1309035.0	1	1	1	3	3
1309035.0	1	1	8	4	4
1309034.0	1	1	3	1	1
1309034.0	1	1	4	2	1
1309034.0	1	1	1	3	2
1309034.0	1	1	8	4	4
1334029.0	1	1	1	1	2
1334029.0	1	1	3	2	5
1334029.0	1	1	4	3	8
1334029.0	1	1	7	4	6
1334029.0	1	1	8	5	4
1334006.0	1	1	1	1	3
1334006.0	1	1	3	2	4
1334006.0	1	1	4	3	6
1334006.0	1	1	8	4	4
1334053.0	1	1	3	1	4
1334053.0	1	1	4	2	6
1334053.0	1	1	5	3	6
1334053.0	1	1	6	4	6
1335042.0	1	1	3	1	4
1335042.0	1	1	4	2	4
1335036.0	1	1	3	1	8
1335036.0	1	1	4	2	4
1335036.0	1	1	5	3	4
1335048.0	1	2	4	1	8
1335060.0	1	1	3	1	4
1335060.0	1	1	1	2	4
1335060.0	1	1	2	3	4
1335060.0	1	1	8	4	4
1335030.0	1	1	3	1	5
1335030.0	1	1	4	2	5
1336043.0	1	1	3	1	4
1336043.0	1	1	2	2	1
1336043.0	1	1	4	3	4
1336019.0	1	1	4	1	6
1336019.0	1	1	3	2	5
1336019.0	1	1	1	3	3
1336019.0	1	1	2	4	3
1336019.0	1	1	7	5	6
1336019.0	1	1	8	6	6
1336035.0	1	1	7	1	8
1336035.0	1	1	1	2	1
1336035.0	1	1	4	3	8
1336035.0	1	1	3	4	8
1336035.0	1	1	8	5	4
1336051.0	1	1	3	1	5
1336051.0	1	1	4	2	8
1336003.0	1	2	4	1	5
1336003.0	1	2	3	2	6
1337048.0	1	1	1	0	4
1337048.0	1	1	8	1	4
1337048.0	1	1	3	2	4
1337048.0	1	1	4	3	4
1338063.0	1	1	4	1	7
1338040.0	1	1	3	1	4
1338040.0	1	1	7	2	4
1338040.0	1	1	1	3	3
1338040.0	1	1	2	4	8
1338040.0	1	1	8	5	4
1281075.0	1	2	99		
1281024.0	1	1	99		
1348008.0	1	1	4	1	4
1348008.0	1	1	3	2	4
1348008.0	1	1	7	3	4
1348008.0	1	1	1	4	2
1348008.0	1	1	8	5	4
1348061.0	1	1	3	1	4
1348061.0	1	1	4	2	4
1348061.0	1	1	1	3	3
1348061.0	1	1	7	4	4
1348061.0	1	1	8	5	4
1348012.0	1	1	3	1	5
1348012.0	1	1	1	2	4
1348012.0	1	1	7	3	6
1348012.0	1	1	8	4	4
1348058.0	1	2	4	1	5
1348058.0	1	2	3	2	5
1351027.0	1	1	3	1	4
1351027.0	1	1	1	2	2
1351027.0	1	1	4	3	5
1351027.0	1	1	8	4	4
1351066.0	1	1	1	1	2
1351066.0	1	1	3	2	4
1351066.0	1	1	7	3	5
1351066.0	1	1	8	4	4
1351076.0	1	1	3	1	5
1351076.0	1	1	1	2	2
1351076.0	1	1	7	3	6
1351076.0	1	1	8	4	4
1352004.0	1	1	99		
1353093.0	1	1	3	1	4
1353093.0	1	1	1	2	4
1353093.0	1	1	7	3	8
1353093.0	1	1	8	4	4
1353111.0	1	2	3	1	5
1353121.0	1	1	1	0	4
1353121.0	1	1	8	0	4
1353121.0	1	1	3	1	4
1353014.0	1	2	3	1	4
1354088.0	1	1	99		
1354013.0	1	1	99		
1354023.0	1	1	99		
1354056.0	1	1	99		
1354034.0	1	1	99		
1355009.0	1	1	4	1	3
1355009.0	1	1	5	2	3
1355009.0	1	1	2	3	2
1356060.0	1	1	1	1	2
1356060.0	1	1	3	2	4
1356060.0	1	1	4	3	4
1356060.0	1	1	7	4	1
1356060.0	1	1	2	5	2
1356060.0	1	1	8	6	4
1356018.0	1	1	3	1	2
1356018.0	1	1	4	2	2
1356018.0	1	1	1	3	2
1356018.0	1	1	2	4	4
1356018.0	1	1	8	5	4
1357003.0	1	1	3	1	4
1357003.0	1	1	7	2	4
1357061.0	1	2	3	1	8
1357029.0	1	1	3	1	4
1357029.0	1	1	1	2	8
1357029.0	1	1	8	3	4
1261034.0	1	1	4	1	4
1261034.0	1	1	5	2	4
1261034.0	1	1	3	3	4
1261034.0	1	1	2	4	2
1261034.0	1	1	1	5	2
1261034.0	1	1	8	6	4
1261102.0	1	1	4	1	4
1261113.0	1	1	1	1	1
1261113.0	1	1	3	2	2
1261113.0	1	1	8	3	4
1261113.0	1	1	2	4	4
1261113.0	1	1	6	5	3
1261011.0	1	1	3	1	4
1261011.0	1	1	4	2	4
1261011.0	1	1	1	3	2
1261011.0	1	1	8	4	4
1262031.0	1	1	7	1	4
1262031.0	1	1	4	2	4
1262031.0	1	1	1	3	3
1262031.0	1	1	3	4	4
1262031.0	1	1	2	5	4
1262031.0	1	1	8	6	4
1262009.0	1	1	3	1	4
1262009.0	1	1	7	2	1
1262009.0	1	1	4	3	3
1262009.0	1	1	1	4	3
1262009.0	1	1	2	5	3
1262009.0	1	1	8	6	4
1262050.0	1	1	1	0	1
1262050.0	1	1	2	0	1
1262050.0	1	1	3	0	2
1262050.0	1	1	4	0	2
1262050.0	1	1	8	0	4
1262050.0	1	1	9	0	2
1262072.0	1	1	3	0	2
1262072.0	1	1	4	0	2
1262021.0	1	1	3	1	4
1262021.0	1	1	7	2	2
1262021.0	1	1	4	3	4
1262021.0	1	1	1	4	8
1262021.0	1	1	2	5	2
1262021.0	1	1	8	6	4
1289016.0	1	1	3	1	8
1289016.0	1	1	4	2	8
1289016.0	1	1	7	3	4
1289016.0	1	1	8	4	4
1289016.0	1	1	1	5	2
1289016.0	1	1	2	6	4
1289016.0	1	1	5	7	4
1289040.0	1	1	4	0	2
1289040.0	1	1	5	0	3
1290009.0	1	1	3	1	3
1290009.0	1	1	1	2	2
1290009.0	1	1	8	3	4
1290009.0	1	1	2	4	3
1310046.0	1	1	3	1	5
1310046.0	1	1	4	2	5
1310046.0	1	1	1	3	2
1310046.0	1	1	8	4	4
1310065.0	1	1	4	1	4
1310065.0	1	1	3	2	4
1311004.0	1	1	3	1	8
1311049.0	1	1	3	1	7
1311108.0	1	1	3	1	8
1311123.0	1	2	4	1	8
1311123.0	1	2	6	2	8
1311019.0	1	1	4	1	8
1311019.0	1	1	3	2	4
1311046.0	1	1	3	1	4
1311138.0	1	2	3	1	8
1311138.0	1	2	4	2	8
1311093.0	1	1	3	1	4
1311093.0	1	1	1	2	3
1311093.0	1	1	4	3	6
1311093.0	1	1	8	4	4
7069.0	1	2	4	1	8
7150.0	1	1	3	1	8
7020.0	1	1	3	1	4
7020.0	1	1	4	2	4
7004.0	1	1	4	1	4
7004.0	1	1	3	2	4
11092.0	1	1	8	1	4
11059.0	1	1	3	1	4
11059.0	1	1	4	2	4
11059.0	1	1	1	3	4
11059.0	1	1	8	4	4
11158.0	1	1	3	1	5
11158.0	1	1	1	2	5
11158.0	1	1	4	3	5
11158.0	1	1	2	4	6
11158.0	1	1	8	5	4
11074.0	1	1	4	1	4
11109.0	1	1	3	1	3
11109.0	1	1	4	2	3
11109.0	1	1	1	3	3
11109.0	1	1	2	4	3
11109.0	1	1	7	5	3
11109.0	1	1	6	6	3
11109.0	1	1	8	7	4
11141.0	1	1	3	1	5
11141.0	1	1	1	2	4
11141.0	1	1	2	3	8
11141.0	1	1	8	4	4
1376042.0	1	1	4	1	5
1376042.0	1	1	3	2	5
1376091.0	1	1	8	0	4
1376091.0	1	1	1	1	3
1376091.0	1	1	3	2	4
1376091.0	1	1	4	3	4
1376018.0	1	2	4	1	4
1377036.0	1	2	3	1	7
1377015.0	1	1	1	0	2
1377015.0	1	1	3	0	3
1377015.0	1	1	4	0	8
1377015.0	1	1	8	0	4
1377089.0	1	1	1	0	1
1377089.0	1	1	3	0	4
1377089.0	1	1	4	0	4
1377089.0	1	1	7	0	4
1377089.0	1	1	8	0	4
2054.0	1	1	1	1	2
2054.0	1	1	8	2	4
2076.0	1	1	3	1	3
2076.0	1	1	8	2	4
2033.0	1	1	1	1	2
2033.0	1	1	3	2	5
2033.0	1	1	4	3	5
2033.0	1	1	8	4	4
2056.0	1	1	3	1	7
2011.0	1	2	4	1	7
12070.0	1	1	3	1	5
12070.0	1	1	4	2	5
12048.0	1	1	4	1	5
1370089.0	1	1	8	1	4
1370079.0	1	1	8	1	4
29026.0	1	1	1	1	2
29026.0	1	1	4	2	4
29026.0	1	1	3	3	3
29026.0	1	1	7	4	4
29026.0	1	1	2	5	2
29026.0	1	1	8	6	4
29106.0	1	1	1	0	2
29106.0	1	1	3	0	8
29106.0	1	1	4	0	8
29106.0	1	1	7	0	1
29106.0	1	1	8	0	4
29061.0	1	1	4	1	4
29061.0	1	1	2	2	3
1383138.0	1	1	4	1	4
1383138.0	1	1	3	2	4
1383138.0	1	1	1	3	1
1383138.0	1	1	8	4	4
1383013.0	1	1	3	1	4
1383060.0	1	1	3	1	4
1383060.0	1	1	4	2	4
1384133.0	1	1	5	1	8
1384133.0	1	1	1	2	4
1384133.0	1	1	4	3	4
1384133.0	1	1	8	4	4
1384115.0	1	1	3	1	3
1384115.0	1	1	4	2	3
1384044.0	1	2	4	1	5
1384044.0	1	2	3	2	5
1384044.0	1	2	1	3	3
1384044.0	1	2	2	4	3
1384044.0	1	2	8	5	4
139016.0	1	1	1	0	4
139016.0	1	1	2	0	3
139016.0	1	1	3	0	4
139016.0	1	1	4	0	4
139016.0	1	1	8	0	4
139050.0	1	1	1	0	2
139050.0	1	1	3	0	4
139050.0	1	1	4	0	4
139050.0	1	1	8	0	4
140036.0	1	1	3	1	8
140036.0	1	1	4	2	8
141093.0	1	1	4	1	2
141093.0	1	1	5	2	2
141093.0	1	1	1	3	2
141093.0	1	1	8	4	4
141069.0	1	1	4	1	8
146009.0	1	2	3	1	5
146009.0	1	2	4	2	4
146009.0	1	2	1	3	8
146009.0	1	2	7	4	8
146009.0	1	2	2	5	8
146009.0	1	2	8	6	4
146055.0	1	1	4	1	5
146079.0	1	1	4	1	4
147021.0	1	1	4	1	4
147009.0	1	2	4	1	8
1385027.0	1	1	1	0	8
1385027.0	1	1	2	0	8
1385027.0	1	1	4	0	8
1385027.0	1	1	7	0	8
1385027.0	1	1	8	0	4
1385039.0	1	1	7	1	4
1385087.0	1	2	4	1	5
1385087.0	1	2	5	2	5
1386029.0	1	1	3	1	8
1386029.0	1	1	4	2	8
1386029.0	1	1	1	3	4
1386029.0	1	1	2	4	8
1386029.0	1	1	6	5	8
1386029.0	1	1	8	6	4
1386060.0	1	1	4	1	8
1386060.0	1	1	3	2	8
1386060.0	1	1	1	3	8
1386060.0	1	1	6	4	8
1386060.0	1	1	2	5	8
1386060.0	1	1	7	6	8
1386060.0	1	1	8	7	8
1386010.0	1	1	4	1	8
1386010.0	1	1	3	2	8
1386003.0	1	1	4	1	4
1386023.0	1	1	3	1	4
1386023.0	1	1	4	2	4
1386023.0	1	1	1	3	2
1386023.0	1	1	8	4	4
1387154.0	1	2	4	1	8
1387108.0	1	1	4	1	4
1387108.0	1	1	3	2	8
1387108.0	1	1	1	3	8
1387108.0	1	1	2	4	8
1387108.0	1	1	8	5	4
1387092.0	1	2	4	1	5
1388073.0	1	1	4	1	5
1388073.0	1	1	3	2	5
1388073.0	1	1	1	3	2
1388073.0	1	1	6	4	8
1388073.0	1	1	7	5	1
1388073.0	1	1	2	6	4
1388073.0	1	1	8	7	4
1388027.0	1	1	3	1	2
1388027.0	1	1	7	2	3
1388027.0	1	1	1	3	2
1388027.0	1	1	2	4	2
1388027.0	1	1	8	5	4
1388049.0	1	2	4	1	6
1388049.0	1	2	3	2	6
56017.0	1	2	3	1	8
1389035.0	1	1	3	1	8
1389035.0	1	1	4	2	8
1389035.0	1	1	1	3	4
1389035.0	1	1	8	4	4
1389050.0	1	1	1	1	2
1389050.0	1	1	4	2	4
1389050.0	1	1	3	3	4
1389050.0	1	1	7	4	3
1389050.0	1	1	8	5	4
112081.0	1	1	4	1	2
112081.0	1	1	1	2	2
112081.0	1	1	2	3	2
112081.0	1	1	8	4	4
112005.0	1	1	3	1	2
112005.0	1	1	4	2	8
112005.0	1	1	1	3	2
112005.0	1	1	2	4	2
112005.0	1	1	8	5	4
113071.0	1	1	3	1	5
113001.0	1	1	1	1	4
113001.0	1	1	3	2	8
113001.0	1	1	4	3	8
113001.0	1	1	2	4	8
113001.0	1	1	8	5	4
1394047.0	1	1	3	1	8
1394047.0	1	1	4	2	8
1394046.0	1	1	4	1	4
1394046.0	1	1	3	2	4
1394046.0	1	1	1	3	3
1394046.0	1	1	8	4	4
1395019.0	1	1	4	1	3
1395019.0	1	1	7	2	3
1397035.0	1	1	4	1	5
1397055.0	1	1	3	1	4
1397055.0	1	1	4	2	4
1397055.0	1	1	1	3	2
1397055.0	1	1	2	4	4
1397055.0	1	1	8	5	4
1399049.0	1	1	1	1	3
1399049.0	1	1	4	2	5
1399049.0	1	1	2	3	3
1399049.0	1	1	3	4	5
1399049.0	1	1	8	5	4
1400115.0	1	1	4	1	4
1400115.0	1	1	1	2	2
1400115.0	1	1	2	3	3
1400115.0	1	1	8	4	4
1400102.0	1	1	4	1	5
1400102.0	1	1	3	2	5
1400102.0	1	1	1	3	3
1400102.0	1	1	2	4	3
1400102.0	1	1	8	5	4
1400076.0	1	1	3	1	3
1400076.0	1	1	4	2	3
1400089.0	1	1	5	0	4
1400089.0	1	1	8	0	4
1400089.0	1	1	3	1	2
1400089.0	1	1	4	2	2
1400089.0	1	1	1	3	2
1400089.0	1	1	2	4	2
1400089.0	1	1	7	5	4
1400049.0	1	1	4	1	4
1400049.0	1	1	3	2	4
1400002.0	1	1	4	1	8
1400002.0	1	1	3	2	8
1401023.0	1	1	3	1	4
1401023.0	1	1	4	2	4
1401001.0	1	2	4	1	8
1401068.0	1	1	3	1	4
1401016.0	1	1	3	1	4
1401016.0	1	1	4	2	4
1402122.0	1	1	3	1	4
1402122.0	1	1	4	2	4
1402024.0	1	1	4	1	8
1402024.0	1	1	1	2	4
1402024.0	1	1	2	3	8
1402024.0	1	1	8	4	4
1402061.0	1	1	1	1	2
1402061.0	1	1	3	2	3
1402061.0	1	1	7	3	4
1402061.0	1	1	2	4	4
1402061.0	1	1	4	5	5
1402061.0	1	1	8	6	4
1402098.0	1	1	4	1	5
1402098.0	1	1	3	2	5
1402049.0	1	1	1	0	8
1402049.0	1	1	3	0	8
1402049.0	1	1	4	0	8
1402049.0	1	1	8	0	4
1402037.0	1	1	1	1	2
1402037.0	1	1	4	2	8
1402037.0	1	1	3	3	8
1402037.0	1	1	7	4	2
1402037.0	1	1	8	5	4
94064.0	1	1	4	1	4
94064.0	1	1	3	2	6
94064.0	1	1	7	3	4
94064.0	1	1	1	4	8
94064.0	1	1	8	5	4
94081.0	1	1	4	1	3
94081.0	1	1	3	2	8
94030.0	1	1	3	1	4
94030.0	1	1	4	2	4
94013.0	1	1	4	1	4
94013.0	1	1	3	2	4
94013.0	1	1	1	3	3
94013.0	1	1	8	4	4
94047.0	1	1	1	1	2
94047.0	1	1	3	2	4
94047.0	1	1	2	3	4
94047.0	1	1	8	4	4
94047.0	1	1	4	5	4
94056.0	1	1	1	1	3
94056.0	1	1	3	2	8
94056.0	1	1	4	3	8
94056.0	1	1	8	4	4
1398055.0	1	2	4	1	5
1398038.0	1	1	1	1	1
1398038.0	1	1	3	2	2
1398038.0	1	1	8	3	4
1398046.0	1	2	4	1	8
1398012.0	1	1	1	1	8
1398012.0	1	1	2	2	8
1398012.0	1	1	3	3	8
1398012.0	1	1	4	4	8
1398012.0	1	1	8	5	4
1398020.0	1	1	3	0	8
1398020.0	1	1	8	0	4
1398020.0	1	1	1	1	8
1398020.0	1	1	4	2	8
1398020.0	1	1	2	3	8
1398072.0	1	2	4	1	8
137036.0	1	1	4	1	5
138021.0	1	1	4	1	4
138044.0	1	1	3	1	4
138044.0	1	1	4	2	5
138056.0	1	1	4	1	5
138091.0	1	1	4	1	4
138091.0	1	1	3	2	8
1405002.0	1	1	3	1	4
1405002.0	1	1	4	2	8
1405002.0	1	1	8	3	2
1405038.0	1	2	4	1	5
1405038.0	1	2	3	2	7
1405066.0	1	1	3	1	4
1405048.0	1	1	3	1	5
1405029.0	1	1	4	1	3
1405029.0	1	1	3	2	4
1405029.0	1	1	6	3	4
1405029.0	1	1	7	4	4
1405020.0	1	1	4	1	4
1405020.0	1	1	3	2	4
1405020.0	1	1	1	3	8
1405020.0	1	1	2	4	8
1405020.0	1	1	7	5	8
1405020.0	1	1	8	6	8
1405020.0	1	1	6	7	8
1405020.0	1	1	9	8	8
1405057.0	1	1	3	1	4
1405057.0	1	1	4	2	4
1405057.0	1	1	6	3	4
1406089.0	1	1	3	1	4
1406089.0	1	1	4	2	8
1406089.0	1	1	1	3	8
1406089.0	1	1	8	4	4
1406079.0	1	1	3	1	4
1406079.0	1	1	1	2	4
1406079.0	1	1	4	3	5
1406079.0	1	1	8	4	4
1406069.0	1	1	3	1	2
1406069.0	1	1	2	2	2
1406069.0	1	1	5	3	2
1406029.0	1	1	4	1	4
1406009.0	1	2	3	1	5
1406049.0	1	1	4	1	5
1406049.0	1	1	3	2	4
1406049.0	1	1	1	3	2
1406049.0	1	1	8	4	4
1406085.0	1	1	4	1	5
1407014.0	1	1	4	1	8
1408068.0	1	1	3	1	5
1408068.0	1	1	4	2	6
1408068.0	1	1	7	3	4
1408068.0	1	1	1	4	4
1408068.0	1	1	2	5	4
1408068.0	1	1	8	6	4
1408059.0	1	1	3	1	6
1408022.0	1	1	99		
1409042.0	1	1	4	1	4
1409042.0	1	1	7	2	4
1409042.0	1	1	1	3	3
1409042.0	1	1	2	4	4
1409042.0	1	1	3	5	3
1409042.0	1	1	8	6	4
1409003.0	1	1	3	1	8
1409011.0	1	1	3	1	8
1409011.0	1	1	4	2	8
1409019.0	1	1	7	1	3
1409019.0	1	1	1	2	4
1409019.0	1	1	3	3	4
1409019.0	1	1	2	4	8
1409019.0	1	1	8	5	4
1410075.0	1	1	3	1	4
1410075.0	1	1	4	2	4
1410089.0	1	1	4	1	8
1410089.0	1	1	3	2	4
1410089.0	1	1	7	3	2
1410132.0	1	1	2	0	8
1410132.0	1	1	3	0	3
1411044.0	1	1	4	1	8
1411066.0	1	1	7	1	4
1411066.0	1	1	4	2	4
1411066.0	1	1	3	3	4
1411011.0	1	1	7	1	4
1411011.0	1	1	3	2	4
1411082.0	1	2	3	1	5
1412087.0	1	1	3	1	4
1412087.0	1	1	4	2	4
1412087.0	1	1	6	3	5
1412100.0	1	1	4	1	8
1412114.0	1	2	3	1	6
1412128.0	1	2	4	1	8
1412004.0	1	1	3	1	4
1412004.0	1	1	4	2	4
1413037.0	1	1	4	1	8
1413037.0	1	1	1	2	4
1413037.0	1	1	3	3	4
1413037.0	1	1	2	4	5
1413037.0	1	1	8	5	4
1413102.0	1	1	4	1	4
1413102.0	1	1	3	2	4
1413102.0	1	1	1	3	4
1413102.0	1	1	2	4	5
1413102.0	1	1	8	5	4
1413048.0	1	1	4	1	4
1413048.0	1	1	3	2	4
1413080.0	1	1	4	1	4
1413058.0	1	1	1	1	1
1413058.0	1	1	3	2	2
1413058.0	1	1	7	3	2
1413058.0	1	1	4	4	3
1413058.0	1	1	6	5	8
1413058.0	1	1	2	6	2
1413058.0	1	1	8	7	4
1414183.0	1	1	3	1	4
1414183.0	1	1	4	2	4
1414183.0	1	1	1	3	4
1414183.0	1	1	2	4	4
1414183.0	1	1	5	5	4
1414183.0	1	1	8	6	4
1414169.0	1	1	3	1	8
1483096.0	1	1	3	1	4
1483096.0	1	1	4	2	4
1483096.0	1	1	7	3	4
1483056.0	1	2	4	1	5
1483056.0	1	2	3	2	8
1484011.0	1	2	4	1	8
1484075.0	1	1	3	1	2
1484075.0	1	1	4	2	4
1484075.0	1	1	1	3	4
1484075.0	1	1	7	4	2
1484075.0	1	1	2	5	5
1484075.0	1	1	8	6	4
1484022.0	1	1	3	1	4
1484022.0	1	1	4	2	4
1484022.0	1	1	1	3	8
1484022.0	1	1	8	4	4
1484032.0	1	2	4	1	8
1484043.0	1	2	4	1	8
1485012.0	1	1	3	1	4
1485012.0	1	1	4	2	8
1485023.0	1	1	3	1	4
1485023.0	1	1	4	2	4
1485023.0	1	1	1	3	4
1485023.0	1	1	2	4	4
1485023.0	1	1	8	5	4
1486005.0	1	1	3	1	4
1486005.0	1	1	4	2	4
1486005.0	1	1	1	3	4
1486005.0	1	1	2	4	4
1486005.0	1	1	8	5	4
1486042.0	1	2	3	1	5
1486030.0	1	1	3	1	4
1486030.0	1	1	4	2	4
1486030.0	1	1	1	3	4
1486030.0	1	1	2	4	4
1486030.0	1	1	8	5	4
1486017.0	1	1	3	1	5
1487039.0	1	1	3	1	4
1487039.0	1	1	4	2	8
1487001.0	1	1	3	1	4
1487001.0	1	1	4	2	4
1487001.0	1	1	1	3	3
1487001.0	1	1	7	4	4
1487001.0	1	1	8	5	4
1487014.0	1	1	3	1	4
1487014.0	1	1	4	2	4
1487014.0	1	1	1	3	4
1487014.0	1	1	7	4	4
1487014.0	1	1	8	5	4
1488005.0	1	1	4	1	8
1488005.0	1	1	3	2	8
1488075.0	1	2	4	1	4
1488028.0	1	1	1	0	8
1488028.0	1	1	8	0	4
1488028.0	1	1	3	1	4
1488111.0	1	1	4	1	8
1488111.0	1	1	1	2	8
1488111.0	1	1	8	3	4
1488040.0	1	1	3	1	4
1488040.0	1	1	4	2	8
1488087.0	1	1	3	1	8
1488087.0	1	1	7	2	8
1489103.0	1	1	4	1	2
1489103.0	1	1	7	2	2
1489103.0	1	1	3	3	4
1489103.0	1	1	1	4	8
1489103.0	1	1	2	5	8
1489103.0	1	1	8	6	4
1489079.0	1	1	4	1	8
1490016.0	1	1	3	1	8
1490016.0	1	1	4	2	4
1490050.0	1	1	4	1	6
1490050.0	1	1	5	2	6
1490025.0	1	1	3	1	5
1490025.0	1	1	4	2	5
1490025.0	1	1	1	3	5
1490025.0	1	1	2	4	6
1490025.0	1	1	8	5	4
291068.0	1	1	1	0	3
291068.0	1	1	2	0	3
291068.0	1	1	4	0	4
291068.0	1	1	8	0	4
1495110.0	1	1	7	1	4
1495110.0	1	1	4	2	4
1495110.0	1	1	3	3	4
1495110.0	1	1	1	4	6
1495110.0	1	1	5	5	4
1495110.0	1	1	8	6	4
1495123.0	1	2	4	1	8
1496018.0	1	1	3	1	4
1496018.0	1	1	4	2	4
1496018.0	1	1	1	3	3
1496018.0	1	1	7	4	1
1496018.0	1	1	6	5	4
1496018.0	1	1	2	6	3
1496018.0	1	1	8	7	4
1496024.0	1	1	4	1	4
1496031.0	1	1	4	1	4
1497007.0	1	1	3	1	4
1497007.0	1	1	4	2	4
1497007.0	1	1	1	3	4
1497007.0	1	1	2	4	4
1497007.0	1	1	8	5	4
1497048.0	1	1	4	1	4
1497048.0	1	1	3	2	4
1497034.0	1	1	4	1	4
1497069.0	1	1	3	1	4
1497069.0	1	1	4	2	4
1497055.0	1	1	8	1	4
1497055.0	1	1	3	2	4
1497055.0	1	1	1	3	8
1497055.0	1	1	4	4	8
1497013.0	1	1	3	1	3
1497013.0	1	1	4	2	3
1497013.0	1	1	1	3	3
1497013.0	1	1	2	4	3
1497013.0	1	1	8	5	4
1498025.0	1	1	3	1	4
1498025.0	1	1	4	2	4
1498025.0	1	1	5	3	8
1498025.0	1	1	1	4	3
1498025.0	1	1	8	5	4
1498047.0	1	1	4	1	4
358042.0	1	1	1	1	2
358042.0	1	1	8	2	4
358042.0	1	1	4	3	2
358042.0	1	1	3	4	4
358042.0	1	1	5	5	4
358042.0	1	1	6	6	4
358042.0	1	1	2	7	4
358035.0	1	1	3	1	2
358035.0	1	1	7	2	4
358035.0	1	1	5	3	4
358035.0	1	1	4	4	2
1503071.0	1	1	4	1	5
1503071.0	1	1	3	2	5
1503021.0	1	1	3	1	4
1504086.0	1	1	3	1	8
1507010.0	1	1	4	1	8
1507042.0	1	1	3	1	8
1507042.0	1	1	4	2	8
1507056.0	1	1	1	1	2
1507056.0	1	1	2	2	8
1507056.0	1	1	3	3	8
1507056.0	1	1	8	4	4
1507016.0	1	2	3	1	8
1507023.0	1	1	3	1	2
1507023.0	1	1	4	2	7
1508063.0	1	1	3	1	2
1508063.0	1	1	4	2	3
1508063.0	1	1	2	3	1
1508012.0	1	1	3	1	8
1508037.0	1	1	3	1	4
1508037.0	1	1	4	2	4
1508037.0	1	1	1	3	4
1508037.0	1	1	2	4	4
1508037.0	1	1	8	5	4
1512007.0	1	2	3	1	8
1512018.0	1	1	3	1	4
1512012.0	1	1	4	1	8
1512012.0	1	1	3	2	8
330074.0	1	1	1	0	5
330074.0	1	1	2	0	6
330074.0	1	1	3	0	5
330074.0	1	1	4	0	5
330074.0	1	1	8	0	4
330037.0	1	1	4	1	4
330037.0	1	1	3	2	4
330037.0	1	1	8	3	4
330037.0	1	1	1	4	6
1500015.0	1	2	4	1	8
1500015.0	1	2	3	2	8
1500064.0	1	1	7	1	1
1500064.0	1	1	4	2	3
1500064.0	1	1	3	3	3
1500064.0	1	1	1	4	2
1500064.0	1	1	2	5	2
1500064.0	1	1	8	6	4
1500025.0	1	1	3	1	8
1500074.0	1	1	3	1	4
391016.0	1	1	4	1	5
391082.0	1	1	3	1	4
391082.0	1	1	4	2	4
391082.0	1	1	2	3	4
391082.0	1	1	1	4	4
391082.0	1	1	8	5	4
385085.0	1	2	4	1	5
385004.0	1	1	99		
401040.0	1	1	3	1	4
401040.0	1	1	4	2	4
401040.0	1	1	1	3	4
401040.0	1	1	8	4	4
401056.0	1	1	3	1	5
401056.0	1	1	8	2	4
401056.0	1	1	1	3	4
401056.0	1	1	2	4	4
401072.0	1	1	8	0	4
401072.0	1	1	3	1	5
401072.0	1	1	4	2	6
401072.0	1	1	7	3	4
401072.0	1	1	1	4	5
401072.0	1	1	2	5	6
401119.0	1	1	1	0	3
401119.0	1	1	3	0	8
401119.0	1	1	4	0	8
401119.0	1	1	8	0	4
417019.0	1	1	4	1	5
1525114.0	1	1	3	1	4
1525114.0	1	1	1	2	8
1525114.0	1	1	8	3	4
1525047.0	1	1	3	1	4
1525106.0	1	1	3	1	8
1525106.0	1	1	4	2	8
1525136.0	1	1	3	1	4
1525076.0	1	1	99		
1525091.0	1	1	4	1	4
1525091.0	1	1	1	2	2
1525091.0	1	1	8	3	4
1525062.0	1	1	4	1	5
1525062.0	1	1	5	2	5
1526065.0	1	1	3	1	4
1526065.0	1	1	4	2	4
1526065.0	1	1	1	3	3
1526065.0	1	1	7	4	4
1526065.0	1	1	2	5	4
1526065.0	1	1	8	6	4
1526032.0	1	1	3	1	8
1526032.0	1	1	1	2	4
1526032.0	1	1	8	3	4
1526032.0	1	1	2	4	4
1526032.0	1	1	7	5	4
1526083.0	1	1	3	1	4
1526083.0	1	1	4	2	4
1526083.0	1	1	7	3	4
1526083.0	1	1	1	4	8
1526083.0	1	1	2	5	4
1526083.0	1	1	8	6	4
1526075.0	1	1	1	1	5
1526075.0	1	1	2	2	6
1526075.0	1	1	3	3	8
1526075.0	1	1	4	4	8
1526075.0	1	1	8	5	4
1526064.0	1	1	1	1	2
1526064.0	1	1	3	2	8
1526064.0	1	1	8	3	4
1526085.0	1	1	2	0	6
1526085.0	1	1	8	0	4
1526085.0	1	1	4	1	5
1526085.0	1	1	3	2	5
1526085.0	1	1	1	3	5
1531047.0	1	1	4	1	4
1531047.0	1	1	3	2	4
1531047.0	1	1	1	3	4
1531047.0	1	1	2	4	4
1531047.0	1	1	8	5	4
1531024.0	1	1	99		
1531010.0	1	1	4	1	8
1531039.0	1	1	3	1	4
1531097.0	1	1	3	1	4
1531097.0	1	1	4	2	4
1531097.0	1	1	1	3	4
1531097.0	1	1	2	4	4
1531097.0	1	1	8	5	4
1532019.0	1	1	4	1	4
1532019.0	1	1	3	2	5
1532019.0	1	1	7	3	4
1532019.0	1	1	1	4	8
1532019.0	1	1	8	5	4
1532015.0	1	1	3	1	8
1532015.0	1	1	4	2	8
1532024.0	1	1	2	0	6
1532024.0	1	1	3	0	5
1532024.0	1	1	8	0	4
1532024.0	1	1	4	1	5
1532024.0	1	1	1	2	5
1533150.0	1	2	4	1	5
1533008.0	1	1	3	1	4
1533008.0	1	1	1	2	3
1533008.0	1	1	8	3	4
1533068.0	1	1	4	1	8
504035.0	1	2	99		
504011.0	1	2	4	1	5
1539053.0	1	1	4	1	4
1539053.0	1	1	3	2	5
1540054.0	1	2	4	1	5
1540033.0	1	2	4	1	5
1540022.0	1	1	4	1	8
1650104.0	1	1	3	1	4
1650104.0	1	1	7	2	4
794027.0	1	1	4	1	8
794056.0	1	1	1	1	2
794056.0	1	1	2	2	2
794056.0	1	1	3	3	3
794056.0	1	1	4	4	3
794056.0	1	1	8	5	4
805053.0	1	1	3	1	6
805023.0	1	1	7	1	4
805023.0	1	1	4	2	4
805023.0	1	1	1	3	4
805023.0	1	1	3	4	4
805023.0	1	1	2	5	4
805023.0	1	1	8	6	4
805041.0	1	1	3	1	4
805041.0	1	1	4	2	4
805093.0	1	1	4	1	3
1651107.0	1	2	4	1	8
1651150.0	1	1	3	1	4
1651150.0	1	1	4	2	3
1652005.0	1	1	4	1	5
1652033.0	1	1	3	1	5
1652033.0	1	1	7	2	4
1653025.0	1	1	4	1	4
1653025.0	1	1	3	2	4
1653145.0	1	1	7	1	4
1653145.0	1	1	4	2	4
1653145.0	1	1	3	3	4
1653145.0	1	1	1	4	4
1653145.0	1	1	2	5	4
1653145.0	1	1	8	6	4
1653100.0	1	1	4	1	4
1653040.0	1	1	3	1	8
1653040.0	1	1	4	2	8
1653040.0	1	1	1	3	1
1653040.0	1	1	8	4	4
1654050.0	1	1	4	1	5
1654050.0	1	1	3	2	5
1654005.0	1	2	4	1	4
1654110.0	1	1	1	1	2
1654110.0	1	1	3	2	4
1654110.0	1	1	2	3	2
1654110.0	1	1	4	4	4
1654110.0	1	1	8	5	4
1654095.0	1	1	1	1	2
1654095.0	1	1	2	2	2
1654095.0	1	1	3	3	4
1654095.0	1	1	8	4	4
1654020.0	1	1	7	1	8
1654020.0	1	1	1	2	8
1654020.0	1	1	4	3	8
1654020.0	1	1	3	4	8
1654020.0	1	1	8	5	4
1655035.0	1	1	4	1	4
1655035.0	1	1	1	2	4
1655035.0	1	1	2	3	5
1655035.0	1	1	8	4	4
1656039.0	1	1	3	1	5
1656039.0	1	1	4	2	8
1656120.0	1	1	1	1	2
1656120.0	1	1	3	2	4
1656120.0	1	1	2	3	4
1656120.0	1	1	8	4	4
1656079.0	1	1	4	1	4
1656079.0	1	1	3	2	4
1656093.0	1	1	7	1	8
1656093.0	1	1	3	2	8
1743074.0	1	1	1	1	2
1743074.0	1	1	3	2	4
1743074.0	1	1	4	3	4
1743074.0	1	1	2	4	2
1743074.0	1	1	8	5	4
1743082.0	1	1	4	1	4
1743025.0	1	2	3	1	8
1743033.0	1	2	4	1	8
1744027.0	1	1	3	1	8
1744027.0	1	1	4	2	8
1744027.0	1	1	7	3	5
1744005.0	1	1	3	1	4
1744005.0	1	1	4	2	4
1744041.0	1	1	1	1	2
1744041.0	1	1	3	2	2
1744041.0	1	1	2	3	3
1744041.0	1	1	4	4	4
1744041.0	1	1	8	5	4
1744041.0	1	1	7	6	5
842033.0	1	2	4	1	5
842033.0	1	2	3	2	5
842033.0	1	2	2	3	2
1661009.0	1	1	3	1	4
1661009.0	1	1	4	2	4
1661009.0	1	1	1	3	5
1661009.0	1	1	2	4	6
1661009.0	1	1	8	5	4
1661016.0	1	1	3	1	4
1661016.0	1	1	1	2	2
1661016.0	1	1	5	3	4
1661016.0	1	1	2	4	4
1661016.0	1	1	4	5	4
1661016.0	1	1	8	6	4
1661023.0	1	1	3	1	2
1661023.0	1	1	1	2	2
1661023.0	1	1	4	3	3
1661023.0	1	1	2	4	4
1661023.0	1	1	8	5	4
843083.0	1	1	3	1	4
843083.0	1	1	4	2	8
843083.0	1	1	8	3	4
843018.0	1	1	4	1	2
843018.0	1	1	8	2	4
843018.0	1	1	1	3	2
843018.0	1	1	2	4	2
843018.0	1	1	7	5	4
843018.0	1	1	3	6	2
843057.0	1	1	3	1	7
843057.0	1	1	4	2	4
843057.0	1	1	1	3	4
843057.0	1	1	8	4	4
843019.0	1	1	3	1	4
843019.0	1	1	4	2	8
843019.0	1	1	1	3	8
843019.0	1	1	2	4	8
843019.0	1	1	8	5	4
843096.0	1	1	3	1	4
843096.0	1	1	7	2	4
843096.0	1	1	1	3	4
843096.0	1	1	8	4	4
849078.0	1	1	3	1	4
849078.0	1	1	7	2	4
849078.0	1	1	1	3	8
849078.0	1	1	2	4	8
849078.0	1	1	8	5	4
849058.0	1	1	2	0	6
849058.0	1	1	8	0	4
849058.0	1	1	4	1	5
849058.0	1	1	3	2	8
849058.0	1	1	1	3	5
849068.0	1	2	4	1	6
849068.0	1	2	3	2	6
849008.0	1	1	3	1	5
849008.0	1	1	4	2	6
1662071.0	1	1	7	1	1
1662071.0	1	1	8	2	4
1662071.0	1	1	3	3	2
1662071.0	1	1	4	4	2
1662071.0	1	1	1	5	1
1662071.0	1	1	2	6	1
1662142.0	1	1	3	1	6
1662142.0	1	1	4	2	6
1662142.0	1	1	1	3	2
1662142.0	1	1	2	4	3
1662142.0	1	1	8	5	4
1662046.0	1	1	4	1	2
1662046.0	1	1	1	2	2
1662046.0	1	1	2	3	2
1662046.0	1	1	7	4	4
1662046.0	1	1	8	5	4
1662097.0	1	2	4	1	5
1662097.0	1	2	3	2	5
1662122.0	1	1	3	1	4
1662122.0	1	1	4	2	4
1662122.0	1	1	1	3	2
1662122.0	1	1	2	4	2
1662122.0	1	1	7	5	1
1662122.0	1	1	8	6	4
1665028.0	1	1	3	1	4
1665028.0	1	1	4	2	8
1665018.0	1	2	3	1	8
1665018.0	1	2	4	2	8
847080.0	1	1	3	1	8
1664024.0	1	1	3	1	5
1664024.0	1	1	4	2	5
1664024.0	1	1	7	3	4
1664054.0	1	1	3	1	4
1664054.0	1	1	8	2	4
1664054.0	1	1	4	3	4
1664054.0	1	1	1	4	2
1664054.0	1	1	2	5	2
867037.0	1	1	4	1	4
867037.0	1	1	1	2	4
867037.0	1	1	3	3	4
867037.0	1	1	2	4	4
867037.0	1	1	8	5	4
867097.0	1	1	3	1	5
1669013.0	1	2	4	1	3
1669118.0	1	1	3	1	4
1669091.0	1	1	7	1	8
1669091.0	1	1	4	2	8
1669091.0	1	1	3	3	8
1670033.0	1	2	4	1	4
1670033.0	1	2	3	2	4
1670168.0	1	1	3	1	8
1671051.0	1	1	3	1	4
1671051.0	1	1	4	2	4
1671051.0	1	1	1	3	2
1671051.0	1	1	2	4	3
1671051.0	1	1	7	5	6
1671051.0	1	1	8	6	4
1671008.0	1	2	4	1	4
1671042.0	1	1	3	1	4
1671042.0	1	1	7	2	8
1671077.0	1	1	7	1	8
1671077.0	1	1	3	2	8
1671077.0	1	1	4	3	8
1672019.0	1	1	4	1	4
1672019.0	1	1	3	2	4
1672019.0	1	1	2	3	4
1674008.0	1	1	3	1	3
1674008.0	1	1	4	2	4
1674008.0	1	1	7	3	2
1674008.0	1	1	2	4	3
1674008.0	1	1	1	5	3
1674037.0	1	1	4	1	8
1674037.0	1	1	3	2	4
1674077.0	1	1	4	1	8
1674018.0	1	1	4	1	4
1674018.0	1	1	7	2	3
1674018.0	1	1	1	3	4
1674018.0	1	1	8	4	4
885065.0	1	1	4	1	8
885065.0	1	1	7	2	5
1678041.0	1	1	3	1	8
1678041.0	1	1	1	2	8
1678041.0	1	1	7	3	8
1678041.0	1	1	4	4	8
1678041.0	1	1	8	5	4
1678070.0	1	1	3	1	4
1678070.0	1	1	4	2	4
1678013.0	1	1	3	1	3
1678013.0	1	1	4	2	3
910082.0	1	1	4	1	8
910082.0	1	1	3	2	8
1682026.0	1	1	4	1	8
1682026.0	1	1	3	2	8
1682038.0	1	1	3	1	8
1684028.0	1	1	3	1	4
1684028.0	1	1	7	2	4
944062.0	1	1	4	1	8
1687016.0	1	2	4	1	8
1687032.0	1	1	4	1	4
1687032.0	1	1	3	2	4
1687166.0	1	1	4	1	4
1687166.0	1	1	3	2	4
1687116.0	1	1	4	1	4
1688003.0	1	1	8	1	4
1688003.0	1	1	1	2	2
1688003.0	1	1	3	3	3
1688003.0	1	1	4	4	4
1688072.0	1	2	4	1	5
1688030.0	1	1	4	1	4
1688040.0	1	1	3	1	8
1690110.0	1	1	7	1	8
1690110.0	1	1	4	2	8
1690110.0	1	1	3	3	8
1690069.0	1	1	4	1	3
1690086.0	1	1	3	1	4
1690086.0	1	1	4	2	4
1690074.0	1	1	3	1	4
1690074.0	1	1	2	2	4
1690074.0	1	1	4	3	4
1691096.0	1	1	4	1	4
1691106.0	1	1	4	1	4
1691063.0	1	1	1	1	4
1691063.0	1	1	3	2	4
1691063.0	1	1	2	3	4
1691063.0	1	1	7	4	4
1691063.0	1	1	8	5	4
1691052.0	1	1	4	1	8
1692145.0	1	1	7	1	4
1692145.0	1	1	4	2	4
1692145.0	1	1	1	3	4
1692145.0	1	1	3	4	4
1692145.0	1	1	2	5	4
1692145.0	1	1	8	6	4
1692063.0	1	1	3	1	5
1692063.0	1	1	4	2	5
1692031.0	1	1	4	1	8
1693168.0	1	1	4	1	4
1693168.0	1	1	3	2	4
1693095.0	1	1	3	1	4
1693095.0	1	1	4	2	4
1693095.0	1	1	1	3	4
1693095.0	1	1	8	4	4
1696002.0	1	1	1	1	4
1696002.0	1	1	4	2	4
1696002.0	1	1	3	3	4
1696002.0	1	1	8	4	4
1696032.0	1	1	4	1	4
1696032.0	1	1	1	2	4
1696032.0	1	1	3	3	4
1696032.0	1	1	8	4	4
1696065.0	1	1	4	1	4
1696065.0	1	1	3	2	4
1696022.0	1	1	3	1	4
1696022.0	1	1	4	2	4
1696022.0	1	1	2	3	4
1697006.0	1	1	3	1	8
1697019.0	1	1	4	1	8
1703033.0	1	1	7	1	8
1703033.0	1	1	4	2	8
1703033.0	1	1	3	3	8
1703067.0	1	1	4	1	8
1703067.0	1	1	7	2	5
1704024.0	1	2	4	1	4
1705077.0	1	2	4	1	8
1705077.0	1	2	3	2	4
982061.0	1	1	3	1	4
988111.0	1	1	4	1	7
988111.0	1	1	3	2	7
988065.0	1	1	4	1	2
988065.0	1	1	5	2	2
1036001.0	1	2	4	1	4
1036001.0	1	2	3	2	4
1719025.0	1	1	7	1	4
1719025.0	1	1	3	2	4
1719025.0	1	1	4	3	4
1719086.0	1	1	3	1	3
1719051.0	1	1	4	1	8
1733099.0	1	1	1	1	1
1733099.0	1	1	2	2	1
1733099.0	1	1	3	3	3
1733099.0	1	1	4	4	3
1733099.0	1	1	7	5	4
1733099.0	1	1	8	6	4
1733033.0	1	1	3	1	4
1733033.0	1	1	4	2	4
1733078.0	1	1	3	1	3
1733078.0	1	1	4	2	3
1733078.0	1	1	1	3	3
1733078.0	1	1	7	4	4
1733078.0	1	1	8	5	4
1134011.0	1	2	4	1	4
1755002.0	1	2	3	1	8
1755102.0	1	1	3	1	8
1755102.0	1	1	4	2	8
1755039.0	1	2	4	1	6
1755081.0	1	1	4	1	4
1755081.0	1	1	3	2	4
1757129.0	1	1	4	1	5
1757143.0	1	1	4	1	6
1757042.0	1	1	1	1	2
1757042.0	1	1	3	2	6
1757042.0	1	1	4	3	8
1757042.0	1	1	8	4	4
1757027.0	1	1	1	1	2
1757027.0	1	1	3	2	7
1757027.0	1	1	4	3	7
1757027.0	1	1	8	4	4
1758130.0	1	1	3	1	6
1759030.0	1	1	1	1	2
1759030.0	1	1	3	2	5
1759030.0	1	1	4	3	8
1759030.0	1	1	8	4	4
1759064.0	1	1	3	1	2
1759064.0	1	1	4	2	7
1759132.0	1	1	4	1	8
1759132.0	1	1	3	2	2
1759166.0	1	2	3	1	8
1760007.0	1	1	4	1	8
1760118.0	1	1	3	1	4
1760118.0	1	1	4	2	8
1760150.0	1	2	4	1	7
1760071.0	1	1	4	1	8
1760071.0	1	1	3	2	8
1760071.0	1	1	1	3	3
1760071.0	1	1	8	4	4
1760071.0	1	1	7	5	8
1760023.0	1	2	4	1	8
1760023.0	1	2	3	2	8
1761009.0	1	1	4	1	8
1761009.0	1	1	3	2	8
1761017.0	1	1	1	1	1
1761017.0	1	1	3	2	5
1761017.0	1	1	4	3	7
1761017.0	1	1	8	4	4
1761032.0	1	1	3	1	4
1761001.0	1	2	4	1	8
1761104.0	1	1	3	1	2
1761104.0	1	1	4	2	5
1761056.0	1	1	3	1	8
1761056.0	1	1	4	2	8
1194010.0	1	2	4	1	8
1194088.0	1	2	4	1	4
1769045.0	1	1	3	1	8
1769045.0	1	1	1	2	8
1769045.0	1	1	2	3	8
1769045.0	1	1	4	4	8
1769045.0	1	1	8	5	4
1769049.0	1	1	3	1	4
1769049.0	1	1	1	2	1
1769049.0	1	1	4	3	2
1769049.0	1	1	2	4	3
1769049.0	1	1	8	5	4
1769013.0	1	2	4	1	4
1770059.0	1	1	3	1	4
1770006.0	1	1	3	1	8
1770006.0	1	1	1	2	2
1770006.0	1	1	8	3	4
1770047.0	1	2	3	1	1
1771079.0	1	1	3	1	5
1771079.0	1	1	4	2	5
1771114.0	1	1	4	1	4
1772026.0	1	1	1	1	1
1772026.0	1	1	3	2	8
1772026.0	1	1	4	3	8
1772026.0	1	1	8	4	4
1772048.0	1	1	4	1	4
1772048.0	1	1	1	2	2
1772048.0	1	1	2	3	4
1772048.0	1	1	8	4	4
1772070.0	1	1	3	1	2
1772070.0	1	1	1	2	2
1772070.0	1	1	2	3	4
1772070.0	1	1	4	4	2
1772070.0	1	1	8	5	4
1772062.0	1	2	4	1	6
1202082.0	1	1	4	1	8
1202082.0	1	1	3	2	8
1202074.0	1	1	3	1	8
1202074.0	1	1	4	2	8
1202074.0	1	1	1	3	2
1202074.0	1	1	8	4	4
1202014.0	1	1	4	1	8
1202014.0	1	1	3	2	8
1781025.0	1	2	3	1	8
1781004.0	1	1	3	1	1
1781004.0	1	1	4	2	2
1781004.0	1	1	1	3	1
1781004.0	1	1	7	4	3
1781004.0	1	1	8	5	4
1226052.0	1	1	4	1	6
1226008.0	1	1	4	1	8
1226008.0	1	1	3	2	8
1226012.0	1	1	4	1	8
1226007.0	1	2	4	1	7
1226024.0	1	2	4	1	4
1240055.0	1	2	4	1	7
1240070.0	1	1	4	1	4
1240070.0	1	1	3	2	6
1787071.0	1	1	4	1	5
1787071.0	1	1	3	2	7
1787002.0	1	1	3	1	5
1787002.0	1	1	1	2	2
1787002.0	1	1	4	3	7
1787002.0	1	1	8	4	4
1787099.0	1	2	4	1	4
1787030.0	1	1	7	1	1
1787030.0	1	1	1	2	1
1787030.0	1	1	2	3	2
1787030.0	1	1	8	4	4
1787030.0	1	1	3	5	4
1787030.0	1	1	4	6	2
1790044.0	1	1	4	1	8
1790044.0	1	1	3	2	5
1790044.0	1	1	1	3	8
1790044.0	1	1	7	4	8
1790044.0	1	1	8	5	4
1790083.0	1	1	4	1	6
1790083.0	1	1	2	2	3
1790083.0	1	1	3	3	7
1790083.0	1	1	1	4	4
1790083.0	1	1	8	5	4
1790054.0	1	2	4	1	5
1790005.0	1	1	4	1	4
1791060.0	1	2	4	1	5
1791003.0	1	2	4	1	8
1791003.0	1	2	3	2	8
1791088.0	1	1	3	1	8
1791088.0	1	1	4	2	8
1791088.0	1	1	1	3	2
1791088.0	1	1	8	4	4
748074.0	1	2	4	1	5
748058.0	1	2	4	1	8
748028.0	1	1	3	1	5
748028.0	1	1	4	2	5
748129.0	1	1	1	1	2
748129.0	1	1	4	2	8
748129.0	1	1	3	3	5
748129.0	1	1	8	4	4
1635001.0	1	1	4	1	5
1635026.0	1	1	3	1	3
1635026.0	1	1	4	2	4
1635026.0	1	1	2	3	4
1635026.0	1	1	1	4	4
1635026.0	1	1	8	5	4
1635026.0	1	1	7	6	4
1636031.0	1	1	3	1	2
1636031.0	1	1	4	2	2
1636019.0	1	1	4	1	4
1636019.0	1	1	3	2	4
1636019.0	1	1	7	3	2
1636019.0	1	1	1	4	2
1636019.0	1	1	2	5	8
1636019.0	1	1	8	6	4
1637067.0	1	1	3	1	4
1637067.0	1	1	1	2	4
1637067.0	1	1	8	3	4
1637067.0	1	1	4	4	4
1637022.0	1	1	3	1	4
1637022.0	1	1	7	2	4
1637049.0	1	1	1	1	4
1637049.0	1	1	4	2	6
1637049.0	1	1	3	3	8
1637049.0	1	1	8	4	4
1637085.0	1	1	4	1	4
1637085.0	1	1	7	2	5
1637085.0	1	1	1	3	3
1637085.0	1	1	2	4	3
1637085.0	1	1	8	5	4
1637076.0	1	1	4	1	4
1638066.0	1	1	3	1	4
1638066.0	1	1	1	2	2
1638066.0	1	1	2	3	3
1638066.0	1	1	7	4	4
1638066.0	1	1	8	5	4
1638004.0	1	1	3	1	3
1638004.0	1	1	4	2	4
1638035.0	1	1	3	1	4
1638035.0	1	1	4	2	4
1638035.0	1	1	1	3	8
1638035.0	1	1	7	4	4
1638035.0	1	1	2	5	8
1638035.0	1	1	8	6	4
1638025.0	1	1	3	1	5
1638025.0	1	1	4	2	4
1638025.0	1	1	7	3	4
1565035.0	1	1	3	1	4
1565035.0	1	1	4	2	4
1565035.0	1	1	1	3	2
1565035.0	1	1	7	4	4
1565035.0	1	1	8	5	4
1565073.0	1	1	4	1	5
1565073.0	1	1	3	2	5
1565073.0	1	1	7	3	5
1565073.0	1	1	1	4	8
1565073.0	1	1	2	5	7
1565073.0	1	1	8	6	4
1565020.0	1	2	4	1	4
1565020.0	1	2	3	2	4
1565050.0	1	2	4	1	8
1565050.0	1	2	3	2	8
1566001.0	1	1	3	1	8
1566001.0	1	1	1	2	8
1566001.0	1	1	6	3	8
1566001.0	1	1	8	4	4
1566058.0	1	2	3	1	8
1566067.0	1	2	3	1	8
1566067.0	1	2	4	2	8
1566067.0	1	2	1	3	8
1566067.0	1	2	7	4	8
1566067.0	1	2	8	5	4
1567009.0	1	2	5	0	6
1567009.0	1	2	4	1	6
1567039.0	1	1	3	1	4
1567039.0	1	1	4	2	8
1567039.0	1	1	1	3	2
1567039.0	1	1	8	4	4
1567039.0	1	1	2	5	8
1567053.0	1	1	1	1	2
1567053.0	1	1	3	2	4
1567053.0	1	1	4	3	4
1567053.0	1	1	7	4	4
1567053.0	1	1	2	5	8
1567053.0	1	1	8	6	4
1568061.0	1	2	4	1	8
1568067.0	1	1	4	1	4
1568067.0	1	1	3	2	5
1568067.0	1	1	1	3	3
1568067.0	1	1	7	4	4
1568067.0	1	1	2	5	8
1568067.0	1	1	8	6	4
1568040.0	1	1	3	1	3
1568040.0	1	1	1	2	1
1568040.0	1	1	4	3	4
1568040.0	1	1	8	4	4
1568040.0	1	1	2	5	2
1568026.0	1	1	8	0	4
1568026.0	1	1	3	1	3
1568026.0	1	1	1	2	2
1568026.0	1	1	2	3	4
1568054.0	1	1	1	0	3
1568054.0	1	1	2	0	8
1568054.0	1	1	3	0	4
1568054.0	1	1	4	0	4
1568054.0	1	1	7	0	4
1568054.0	1	1	8	0	4
1569047.0	1	1	99		
1569030.0	1	1	3	1	4
1569030.0	1	1	1	2	3
1569030.0	1	1	4	3	7
1569030.0	1	1	8	4	4
1570015.0	1	2	99		
1570123.0	1	2	4	1	8
618058.0	1	1	3	0	8
618058.0	1	1	4	0	8
618058.0	1	1	7	0	8
618048.0	1	1	1	0	8
618048.0	1	1	4	0	8
618048.0	1	1	7	0	8
618048.0	1	1	8	0	4
618028.0	1	1	4	1	4
618028.0	1	1	7	2	4
1575116.0	1	1	3	1	8
1575116.0	1	1	4	2	8
1575116.0	1	1	1	3	8
1575116.0	1	1	8	4	4
1575147.0	1	1	3	1	4
1575147.0	1	1	4	2	4
1575147.0	1	1	7	3	4
1575147.0	1	1	8	4	4
1575147.0	1	1	2	5	3
1575147.0	1	1	1	6	2
1575132.0	1	2	3	0	4
1575132.0	1	2	4	0	4
1575053.0	1	1	3	0	6
1575053.0	1	1	4	0	8
1575038.0	1	1	3	0	8
1575038.0	1	1	4	0	8
1575006.0	1	1	3	1	5
1575006.0	1	1	4	2	8
1575022.0	1	1	3	0	8
1575022.0	1	1	4	0	8
1575069.0	1	1	3	1	4
1575069.0	1	1	8	2	4
1575069.0	1	1	1	3	2
1575069.0	1	1	2	4	8
1576028.0	1	1	3	1	4
1576028.0	1	1	4	2	8
1576015.0	1	1	4	1	8
1576015.0	1	1	1	2	4
1576015.0	1	1	2	3	5
1576015.0	1	1	8	4	4
1577077.0	1	1	1	0	8
1577077.0	1	1	3	0	4
1577077.0	1	1	4	0	4
1577077.0	1	1	8	0	4
1577017.0	1	1	3	1	4
1577017.0	1	1	4	2	5
1577017.0	1	1	1	3	4
1577017.0	1	1	2	4	4
1577017.0	1	1	8	5	4
1578095.0	1	1	4	1	4
1578063.0	1	1	8	0	4
670083.0	1	1	4	1	4
670083.0	1	1	3	2	4
670064.0	1	1	3	1	8
670064.0	1	1	4	2	4
670064.0	1	1	7	3	4
670064.0	1	1	1	4	8
670064.0	1	1	8	5	4
670035.0	1	1	3	1	5
670035.0	1	1	4	2	5
1613051.0	1	2	4	0	4
1613020.0	1	1	4	1	8
1613020.0	1	1	3	2	8
1613020.0	1	1	7	3	4
1613020.0	1	1	1	4	8
1613020.0	1	1	2	5	8
1613020.0	1	1	8	6	4
1613045.0	1	1	3	1	4
1614004.0	1	1	4	1	8
1614058.0	1	1	4	1	8
1614016.0	1	2	4	1	4
1614030.0	1	2	3	1	8
1614022.0	1	1	1	0	1
1614022.0	1	1	2	0	2
1614022.0	1	1	3	0	2
1614022.0	1	1	4	0	2
1614022.0	1	1	8	0	4
1615034.0	1	1	4	1	4
1615034.0	1	1	3	2	4
1615034.0	1	1	7	3	4
1615034.0	1	1	1	4	2
1615034.0	1	1	2	5	2
1615034.0	1	1	8	6	4
1615057.0	1	1	3	1	4
1615057.0	1	1	4	2	5
1615057.0	1	1	7	3	4
1615089.0	1	2	3	1	8
1615089.0	1	2	4	2	8
1592022.0	1	1	3	1	6
1592022.0	1	1	4	2	6
1592022.0	1	1	7	3	6
1592022.0	1	1	1	4	2
1592022.0	1	1	2	5	2
1592022.0	1	1	8	6	4
1592089.0	1	1	4	1	8
1592080.0	1	1	3	1	8
1593059.0	1	1	4	1	4
1593059.0	1	1	3	2	4
1593059.0	1	1	7	3	4
1593059.0	1	1	1	4	1
1593059.0	1	1	2	5	2
1593059.0	1	1	8	6	4
1594002.0	1	1	4	1	8
1594002.0	1	1	3	2	8
1594030.0	1	1	3	1	8
1594030.0	1	1	4	2	8
1594082.0	1	1	1	1	3
1594082.0	1	1	3	2	4
1594082.0	1	1	8	3	4
1595084.0	1	1	3	0	5
1595084.0	1	1	4	0	5
1595084.0	1	1	7	0	5
1595080.0	1	1	2	0	6
1595080.0	1	1	8	0	4
1595080.0	1	1	3	1	3
1595080.0	1	1	1	2	5
1596028.0	1	1	3	1	6
1596028.0	1	1	1	2	3
1596028.0	1	1	4	3	7
1596028.0	1	1	2	4	5
1596028.0	1	1	8	5	4
1596037.0	1	2	4	1	8
638036.0	1	1	3	1	4
638036.0	1	1	4	2	8
638009.0	1	1	3	1	4
638009.0	1	1	4	2	8
638082.0	1	1	3	1	4
638082.0	1	1	1	2	4
638082.0	1	1	2	3	4
638082.0	1	1	8	4	4
1347058.0	1	1	99		
1347063.0	1	1	99		
1347023.0	1	1	99		
1347022.0	1	1	99		
1347016.0	1	1	99		
1347044.0	1	1	99		
638091.0	1	1	3	1	4
638091.0	1	1	4	2	4
638091.0	1	1	1	3	4
638091.0	1	1	2	4	4
638091.0	1	1	7	5	4
638091.0	1	1	8	6	4
1603075.0	1	1	3	1	4
1603075.0	1	1	4	2	5
1603012.0	1	2	3	1	8
1603012.0	1	2	4	2	8
1603067.0	1	1	3	1	4
1604005.0	1	1	4	1	4
1604066.0	1	1	1	0	2
1604066.0	1	1	3	0	4
1604066.0	1	1	4	0	4
1604066.0	1	1	5	0	4
1604066.0	1	1	6	0	4
1604066.0	1	1	7	0	4
1604066.0	1	1	8	0	4
649076.0	1	2	4	1	5
1607054.0	1	1	4	1	4
1607035.0	1	1	3	1	8
1607035.0	1	1	4	2	8
1607063.0	1	1	3	1	4
1607063.0	1	1	4	2	8
1607082.0	1	1	3	1	4
1607082.0	1	1	1	2	3
1607082.0	1	1	4	3	4
1607082.0	1	1	7	4	4
1607082.0	1	1	8	5	4
1607092.0	1	1	7	1	4
1607092.0	1	1	1	2	3
1607092.0	1	1	3	3	4
1607092.0	1	1	4	4	4
1607092.0	1	1	2	5	5
1607092.0	1	1	8	6	4
1608058.0	1	1	4	1	2
1608058.0	1	1	3	2	2
1608058.0	1	1	1	3	2
1608058.0	1	1	2	4	2
1608058.0	1	1	7	5	2
1608058.0	1	1	8	6	4
1608050.0	1	1	7	0	2
1608050.0	1	1	8	0	4
1608050.0	1	1	3	1	2
1608050.0	1	1	4	2	2
1608050.0	1	1	5	3	2
1608050.0	1	1	9	4	4
1608050.0	1	1	2	5	2
1608050.0	1	1	1	6	2
1608073.0	1	1	4	1	4
1608073.0	1	1	3	2	4
1608073.0	1	1	2	3	4
1608073.0	1	1	8	4	4
1608073.0	1	1	1	5	4
1608034.0	1	2	3	1	8
1608042.0	1	1	4	1	4
1608042.0	1	1	3	2	8
1608042.0	1	1	7	3	4
1608042.0	1	1	1	4	8
1608042.0	1	1	2	5	8
1608042.0	1	1	8	6	4
1608066.0	1	1	3	1	8
1608011.0	1	1	4	1	4
660041.0	1	1	4	1	4
660041.0	1	1	3	2	8
660035.0	1	1	4	1	4
660035.0	1	1	3	2	6
660012.0	1	1	4	1	4
660012.0	1	1	3	2	8
1612004.0	1	2	3	1	8
1612018.0	1	2	4	1	8
1619056.0	1	1	3	1	4
1619056.0	1	1	4	2	8
1619056.0	1	1	1	3	2
1619056.0	1	1	8	4	4
1619038.0	1	1	4	1	6
1619003.0	1	1	4	1	5
1619003.0	1	1	3	2	7
1619082.0	1	1	3	1	4
1619082.0	1	1	1	2	3
1619082.0	1	1	4	3	8
1619082.0	1	1	8	4	4
1619047.0	1	2	4	1	8
732025.0	1	1	4	1	8
1630010.0	1	1	4	1	3
1630010.0	1	1	8	2	4
1630010.0	1	1	7	3	4
1630010.0	1	1	3	4	6
1630010.0	1	1	1	5	2
1630010.0	1	1	2	6	3
1630052.0	1	2	4	1	8
1630084.0	1	2	4	1	4
1623033.0	1	1	3	0	4
1623026.0	1	1	4	1	4
1623026.0	1	1	1	2	2
1623026.0	1	1	2	3	3
1623026.0	1	1	8	4	4
1623012.0	1	2	3	1	5
1623012.0	1	2	4	2	4
1624029.0	1	1	4	1	4
1624029.0	1	1	3	2	4
1624029.0	1	1	1	3	2
1624029.0	1	1	2	4	5
1624029.0	1	1	7	5	4
1624029.0	1	1	8	6	4
1624016.0	1	1	4	1	4
1624016.0	1	1	1	2	3
1624016.0	1	1	8	3	4
1624002.0	1	1	4	1	7
1625007.0	1	1	3	1	3
1625004.0	1	2	4	1	4
1625004.0	1	2	3	2	5
1625010.0	1	1	4	1	3
1625010.0	1	1	1	2	4
1625010.0	1	1	8	3	4
1626012.0	1	1	4	1	7
1626026.0	1	1	1	1	1
1626026.0	1	1	3	2	4
1626026.0	1	1	7	3	1
1626026.0	1	1	4	4	4
1626026.0	1	1	2	5	3
1626026.0	1	1	8	6	4
1626005.0	1	2	4	1	5
1626047.0	1	2	3	1	5
1626047.0	1	2	4	2	5
1626061.0	1	1	4	1	6
1626061.0	1	1	7	2	5
1626068.0	1	1	1	1	4
1626068.0	1	1	3	2	6
1626068.0	1	1	4	3	6
1626068.0	1	1	2	4	4
1626068.0	1	1	8	5	4
1627068.0	1	1	4	1	4
1627068.0	1	1	3	2	4
1627068.0	1	1	7	3	4
1627068.0	1	1	1	4	4
1627068.0	1	1	2	5	8
1627068.0	1	1	8	6	4
1627014.0	1	1	3	1	2
1627014.0	1	1	6	2	4
1627014.0	1	1	1	3	1
1627014.0	1	1	2	4	2
1627014.0	1	1	4	5	5
1627014.0	1	1	8	6	4
1628039.0	1	1	1	1	2
1628039.0	1	1	2	2	3
1628039.0	1	1	3	3	3
1628039.0	1	1	4	4	6
1628039.0	1	1	7	5	2
1628039.0	1	1	5	6	6
1628039.0	1	1	8	7	6
1628061.0	1	1	3	1	3
1628061.0	1	1	4	2	4
1628042.0	1	2	4	1	8
1628006.0	1	1	4	1	4
1628006.0	1	1	3	2	4
1628006.0	1	1	7	3	4
1628003.0	1	1	3	1	4
1628003.0	1	1	4	2	4
1628003.0	1	1	7	3	4
1628003.0	1	1	1	4	2
1628003.0	1	1	2	5	8
1628003.0	1	1	8	6	4
718040.0	1	1	4	1	4
718040.0	1	1	1	2	2
718040.0	1	1	2	3	2
718040.0	1	1	8	4	4
1427015.0	1	1	8	0	4
1427015.0	1	1	1	1	2
1427015.0	1	1	2	2	2
1427015.0	1	1	3	3	5
1427079.0	1	2	3	0	8
1428132.0	1	1	4	1	5
1428132.0	1	1	3	2	5
1428132.0	1	1	1	3	4
1428132.0	1	1	8	4	4
1428062.0	1	2	4	1	4
210109.0	1	2	4	1	4
210011.0	1	1	4	1	8
210011.0	1	1	3	2	8
210060.0	1	1	4	1	3
211051.0	1	1	4	1	8
211001.0	1	1	4	1	5
265005.0	1	1	1	1	2
265005.0	1	1	3	2	4
265005.0	1	1	4	3	4
265005.0	1	1	8	4	4
266063.0	1	2	99		
1475028.0	1	1	8	1	4
1476053.0	1	1	3	1	4
1476029.0	1	2	4	1	4
1476029.0	1	2	3	2	8
1476045.0	1	2	4	1	2
1477013.0	1	2	4	1	8
1477050.0	1	2	4	1	6
1478017.0	1	1	4	1	4
1478017.0	1	1	3	2	4
1479010.0	1	1	2	0	3
1479010.0	1	1	3	0	4
1479052.0	1	1	3	1	4
1479052.0	1	1	4	2	4
1479121.0	1	1	7	1	5
1479121.0	1	1	1	2	2
1479121.0	1	1	3	3	8
1479121.0	1	1	2	4	8
1479121.0	1	1	8	5	4
1479079.0	1	1	1	1	2
1479079.0	1	1	3	2	8
1479079.0	1	1	2	3	8
1479079.0	1	1	4	4	4
1479079.0	1	1	8	5	4
1480063.0	1	1	3	1	8
1480031.0	1	1	3	1	4
1481006.0	1	1	3	1	4
1481006.0	1	1	4	2	4
1481065.0	1	1	1	1	4
1481065.0	1	1	3	2	4
1481065.0	1	1	4	3	4
1481065.0	1	1	8	4	4
1482101.0	1	1	4	1	4
1482101.0	1	1	1	2	1
1482101.0	1	1	3	3	4
1482101.0	1	1	2	4	2
1482101.0	1	1	8	5	4
1482117.0	1	1	3	1	8
1482117.0	1	1	4	2	8
1482052.0	1	1	1	0	4
1482052.0	1	1	3	0	3
1482052.0	1	1	8	0	4
1433062.0	1	2	4	1	3
1433079.0	1	1	4	1	4
1433079.0	1	1	1	2	2
1433079.0	1	1	3	3	6
1433079.0	1	1	2	4	4
1433079.0	1	1	8	5	4
1433027.0	1	1	3	1	4
1433027.0	1	1	4	2	8
1433027.0	1	1	7	3	1
1434029.0	1	1	1	0	8
1434029.0	1	1	2	0	8
1434029.0	1	1	3	0	4
1434029.0	1	1	4	0	8
1434029.0	1	1	8	0	4
1434021.0	1	1	3	1	4
1434021.0	1	1	2	2	8
1434037.0	1	1	8	1	4
1435044.0	1	1	3	1	5
1435044.0	1	1	1	2	3
1435044.0	1	1	4	3	8
1435044.0	1	1	8	4	4
1435020.0	1	1	3	1	4
1435020.0	1	1	7	2	4
1435020.0	1	1	1	3	2
1435020.0	1	1	4	4	8
1435020.0	1	1	2	5	8
1435020.0	1	1	8	6	4
1435061.0	1	1	3	1	4
1435061.0	1	1	4	2	2
1435061.0	1	1	7	3	1
1435061.0	1	1	2	4	3
1435061.0	1	1	1	5	3
1435061.0	1	1	8	6	4
1435069.0	1	1	3	1	3
1435069.0	1	1	2	2	8
1435069.0	1	1	1	3	8
1435069.0	1	1	8	4	4
1436008.0	1	1	4	1	4
1436008.0	1	1	3	2	4
1436018.0	1	1	3	1	4
1436018.0	1	1	1	2	2
1436018.0	1	1	2	3	8
1436018.0	1	1	8	4	4
1436077.0	1	1	8	0	4
1436077.0	1	1	3	1	5
1436077.0	1	1	4	2	5
1436077.0	1	1	1	3	3
1436057.0	1	1	1	0	3
1436057.0	1	1	2	0	4
1436057.0	1	1	3	0	4
1436057.0	1	1	8	0	4
1436047.0	1	1	1	0	2
1436047.0	1	1	3	0	2
1436047.0	1	1	4	0	2
1436047.0	1	1	8	0	4
1436086.0	1	1	4	0	4
1437047.0	1	1	1	0	3
1437047.0	1	1	3	0	4
1437047.0	1	1	4	0	4
1437047.0	1	1	8	0	4
1437024.0	1	1	3	1	5
1437024.0	1	1	4	2	5
1438034.0	1	1	3	1	3
1438011.0	1	1	3	1	8
1438104.0	1	1	4	1	3
1438104.0	1	1	3	2	3
1438104.0	1	1	1	3	8
1438104.0	1	1	2	4	4
1438104.0	1	1	8	5	4
1439018.0	1	1	3	1	8
1439018.0	1	1	4	2	8
1439018.0	1	1	1	3	1
1439018.0	1	1	2	4	8
1439018.0	1	1	6	5	8
1439018.0	1	1	8	6	4
1439064.0	1	1	3	1	4
1439064.0	1	1	1	2	2
1439064.0	1	1	2	3	8
1439064.0	1	1	8	4	4
1439087.0	1	1	3	1	4
1439087.0	1	1	4	2	8
1439087.0	1	1	1	3	8
1439087.0	1	1	8	4	4
1445019.0	1	1	3	1	4
1445076.0	1	1	3	1	8
1445051.0	1	1	3	1	3
1445051.0	1	1	4	2	3
1445051.0	1	1	1	3	8
1445051.0	1	1	8	4	4
1445060.0	1	1	4	1	8
1445060.0	1	1	3	2	4
1445060.0	1	1	2	3	8
1445060.0	1	1	1	4	8
1445060.0	1	1	8	5	4
1445043.0	1	1	3	1	4
1445043.0	1	1	4	2	8
1446033.0	1	1	3	1	4
1446033.0	1	1	1	2	3
1446033.0	1	1	8	3	4
1446057.0	1	1	8	1	1
1446057.0	1	1	4	2	8
1446057.0	1	1	3	3	4
1446049.0	1	1	7	1	4
1446049.0	1	1	4	2	5
1446049.0	1	1	8	3	5
1446049.0	1	1	1	4	2
1446041.0	1	1	7	1	3
1446041.0	1	1	1	2	1
1446041.0	1	1	4	3	8
1446041.0	1	1	8	4	4
1446041.0	1	1	3	5	4
1446041.0	1	1	2	6	3
1440007.0	1	2	3	1	8
1440005.0	1	1	3	1	4
1440005.0	1	1	4	2	8
1440005.0	1	1	1	3	2
1440005.0	1	1	5	4	4
1440005.0	1	1	2	5	8
1440005.0	1	1	8	6	4
1440009.0	1	1	3	1	5
1440009.0	1	1	4	2	7
1449046.0	1	1	1	0	8
1449046.0	1	1	2	0	8
1449046.0	1	1	3	0	4
1449046.0	1	1	4	0	8
1449046.0	1	1	8	0	4
1449056.0	1	1	3	1	4
1449056.0	1	1	4	2	4
1449056.0	1	1	2	3	8
1449056.0	1	1	1	4	4
1449056.0	1	1	8	5	4
1449066.0	1	1	2	1	8
1449066.0	1	1	3	2	1
1449066.0	1	1	4	3	4
1449066.0	1	1	1	4	4
1449066.0	1	1	8	5	4
1449075.0	1	2	3	1	5
1450010.0	1	1	3	1	6
1450010.0	1	1	1	2	3
1450010.0	1	1	2	3	5
1450010.0	1	1	8	4	4
1450070.0	1	1	7	1	2
1450070.0	1	1	1	2	2
1450070.0	1	1	8	3	4
1451053.0	1	1	8	1	4
1451053.0	1	1	3	2	4
1451053.0	1	1	4	3	8
1451053.0	1	1	1	4	4
1451053.0	1	1	2	5	8
1451036.0	1	1	1	0	8
1451036.0	1	1	2	0	8
1451036.0	1	1	3	0	8
1451036.0	1	1	4	0	4
1451036.0	1	1	8	0	4
1451001.0	1	1	4	1	8
1451001.0	1	1	3	2	4
1451001.0	1	1	7	3	4
1451001.0	1	1	1	4	2
1451001.0	1	1	2	5	3
1451001.0	1	1	8	6	4
1451009.0	1	1	3	1	4
1451009.0	1	1	1	2	3
1451009.0	1	1	4	3	8
1451009.0	1	1	2	4	8
1451009.0	1	1	8	5	4
1456066.0	1	2	4	1	8
1456066.0	1	2	8	2	2
1456037.0	1	2	4	1	4
1456029.0	1	2	3	1	2
1456029.0	1	2	4	2	8
1456029.0	1	2	1	3	8
1456029.0	1	2	8	4	4
1453025.0	1	1	3	1	4
1453025.0	1	1	4	2	8
1453025.0	1	1	1	3	8
1453025.0	1	1	8	4	4
222045.0	1	1	3	1	3
222045.0	1	1	4	2	3
222045.0	1	1	7	3	4
222003.0	1	1	7	1	4
222003.0	1	1	4	2	4
222003.0	1	1	3	3	4
222003.0	1	1	1	4	8
222003.0	1	1	8	5	4
222012.0	1	1	3	1	5
222070.0	1	1	4	1	8
222070.0	1	1	3	2	8
1465115.0	1	1	4	1	4
1465115.0	1	1	3	2	4
1465115.0	1	1	1	3	4
1465115.0	1	1	2	4	4
1465115.0	1	1	8	5	4
1465044.0	1	1	3	1	1
1465044.0	1	1	4	2	2
1465044.0	1	1	7	3	1
1465044.0	1	1	8	4	4
1465044.0	1	1	1	5	1
1465044.0	1	1	2	6	1
1465062.0	1	2	3	1	3
1466061.0	1	1	4	1	3
1466061.0	1	1	3	2	8
1466068.0	1	1	4	1	3
1466068.0	1	1	3	2	3
1466005.0	1	1	3	1	4
1466005.0	1	1	4	2	8
1466005.0	1	1	1	3	8
1466005.0	1	1	2	4	8
1466005.0	1	1	8	5	4
1466054.0	1	1	3	1	5
1466054.0	1	1	4	2	5
237014.0	1	1	1	1	4
237014.0	1	1	4	2	4
237014.0	1	1	3	3	4
237014.0	1	1	2	4	4
237014.0	1	1	8	5	4
1469070.0	1	2	4	1	8
1469026.0	1	2	4	1	6
1469088.0	1	1	4	1	8
1469088.0	1	1	3	2	8
1470010.0	1	2	3	1	4
1470004.0	1	2	4	1	8
1470015.0	1	1	1	1	1
1470015.0	1	1	4	2	8
1470015.0	1	1	8	3	4
1470015.0	1	1	3	4	8
1470015.0	1	1	2	5	8
1470005.0	1	2	3	1	2
1470005.0	1	2	4	2	2
1471047.0	1	1	4	1	4
1471047.0	1	1	1	2	2
1471047.0	1	1	8	3	4
1471069.0	1	2	3	1	8
1471018.0	1	2	4	1	4
1471003.0	1	1	7	1	1
1471003.0	1	1	3	2	4
1471003.0	1	1	4	3	2
1471003.0	1	1	2	4	1
1471003.0	1	1	1	5	1
1471003.0	1	1	5	6	4
1471003.0	1	1	6	7	3
1471003.0	1	1	8	8	4
1472024.0	1	2	3	1	8
1620004.0	1	1	4	1	5
1620004.0	1	1	3	2	6
1620011.0	1	2	4	1	5
1620031.0	1	1	1	1	2
1620031.0	1	1	3	2	4
1620031.0	1	1	4	3	4
1620031.0	1	1	2	4	4
1620031.0	1	1	6	5	5
1620031.0	1	1	7	6	4
1620031.0	1	1	8	7	4
1620038.0	1	2	99		
1620044.0	1	2	4	1	6
1265050.0	2	1	7	1	4
1265050.0	2	1	4	2	8
1265050.0	2	1	3	3	4
1265050.0	2	1	1	4	4
1265050.0	2	1	2	5	8
1265050.0	2	1	8	6	4
1265007.0	2	1	3	1	8
1265007.0	2	1	7	2	2
1267010.0	2	1	99		
1269028.0	2	2	4	1	8
1270025.0	2	1	4	1	4
1270025.0	2	1	7	2	4
1270073.0	2	1	3	1	3
1270073.0	2	1	4	2	4
1274016.0	2	1	3	1	4
1274016.0	2	1	4	2	4
1274016.0	2	1	1	3	3
1274016.0	2	1	2	4	2
1274016.0	2	1	8	5	4
1274034.0	2	1	3	1	4
1274034.0	2	1	4	2	4
1274107.0	2	1	4	1	5
1275005.0	2	1	1	0	2
1275005.0	2	1	2	0	3
1275005.0	2	1	3	0	4
1275005.0	2	1	4	0	4
1275005.0	2	1	7	0	2
1275005.0	2	1	8	0	4
1276132.0	2	1	99		
1276078.0	2	2	99		
1283125.0	2	1	3	1	5
1284097.0	2	1	3	1	7
1284097.0	2	1	4	2	4
1294109.0	2	2	4	1	5
1295014.0	2	1	99		
1295066.0	2	2	99		
1295012.0	2	1	99		
1296008.0	2	1	99		
1297013.0	2	1	4	1	8
1298117.0	2	1	3	1	4
1298117.0	2	1	4	2	4
1298010.0	2	2	4	1	4
1298064.0	2	1	3	1	4
1298064.0	2	1	4	2	4
1299134.0	2	1	3	1	4
1299134.0	2	1	4	2	8
1299134.0	2	1	2	3	3
1299134.0	2	1	1	4	2
1299134.0	2	1	8	5	4
1300025.0	2	1	3	1	4
1300025.0	2	1	4	2	8
1300025.0	2	1	5	3	8
1300025.0	2	1	6	4	8
1300015.0	2	1	3	1	8
1302010.0	2	1	3	1	4
1302010.0	2	1	4	2	3
1302010.0	2	1	2	3	3
1302010.0	2	1	7	4	4
1302041.0	2	1	3	1	4
1302041.0	2	1	4	2	4
1302041.0	2	1	1	3	4
1302041.0	2	1	8	4	4
1303056.0	2	1	3	1	8
1303006.0	2	1	99		
1305024.0	2	1	3	1	4
1305024.0	2	1	1	2	4
1305024.0	2	1	8	3	4
1305084.0	2	2	4	1	4
1308011.0	2	1	3	1	8
1334069.0	2	1	99		
1334037.0	2	1	1	1	2
1334037.0	2	1	4	2	7
1334037.0	2	1	3	3	7
1334037.0	2	1	8	4	4
1334063.0	2	1	8	1	4
1335024.0	2	1	4	1	4
1335024.0	2	1	3	2	4
1335024.0	2	1	1	3	1
1335024.0	2	1	8	4	4
1336059.0	2	1	1	0	3
1336059.0	2	1	3	0	4
1336059.0	2	1	4	0	4
1336059.0	2	1	8	0	4
1281035.0	2	2	99		
1281078.0	2	1	99		
1281056.0	2	1	99		
1281046.0	2	1	99		
1281067.0	2	1	99		
1348077.0	2	1	3	1	4
1348077.0	2	1	4	2	6
1348077.0	2	1	2	3	4
1348077.0	2	1	1	4	4
1348077.0	2	1	8	5	4
1348049.0	2	1	3	1	4
1348049.0	2	1	4	2	6
1348049.0	2	1	1	3	5
1348049.0	2	1	7	4	3
1348049.0	2	1	8	5	4
1348049.0	2	1	9	6	6
1348049.0	2	1	2	7	6
1348031.0	2	1	3	1	4
1348031.0	2	1	1	2	3
1348031.0	2	1	2	3	4
1348031.0	2	1	4	4	5
1348031.0	2	1	6	5	3
1348031.0	2	1	8	6	4
1348031.0	2	1	7	7	2
1348031.0	2	1	9	8	3
1351018.0	2	2	4	1	4
1352007.0	2	1	99		
1355052.0	2	1	1	1	2
1355052.0	2	1	3	2	4
1355052.0	2	1	2	3	3
1355052.0	2	1	8	4	4
1261090.0	2	1	3	1	3
1261090.0	2	1	6	2	3
1261090.0	2	1	1	3	2
1261090.0	2	1	4	4	8
1261090.0	2	1	8	5	4
1262047.0	2	2	3	1	3
1262047.0	2	2	1	2	2
1262047.0	2	2	4	3	3
1262047.0	2	2	2	4	2
1262047.0	2	2	5	5	4
1262047.0	2	2	8	6	4
1289080.0	2	1	3	1	8
1289064.0	2	1	3	1	4
1290035.0	2	1	4	1	8
1290035.0	2	1	3	2	8
1290035.0	2	1	7	3	5
1290035.0	2	1	8	4	4
1290035.0	2	1	2	5	5
1290035.0	2	1	1	6	4
1290019.0	2	1	3	1	8
1290019.0	2	1	4	2	8
1290019.0	2	1	7	3	4
1290046.0	2	1	2	0	6
1290046.0	2	1	8	0	4
1290046.0	2	1	4	1	5
1290046.0	2	1	1	2	5
1290041.0	2	1	3	1	5
1290041.0	2	1	1	2	2
1290041.0	2	1	8	3	4
1290003.0	2	1	4	1	4
1310017.0	2	1	4	1	8
1311035.0	2	1	4	1	4
1311035.0	2	1	3	2	8
1311035.0	2	1	1	3	2
1311035.0	2	1	8	4	4
7134.0	2	1	4	1	8
11125.0	2	1	4	1	4
11125.0	2	1	3	2	4
11125.0	2	1	1	3	4
11125.0	2	1	2	4	4
11125.0	2	1	6	5	4
11125.0	2	1	8	6	4
15076.0	2	1	4	1	4
15076.0	2	1	8	2	4
15076.0	2	1	7	3	4
15076.0	2	1	3	4	8
15076.0	2	1	1	5	8
15076.0	2	1	2	6	8
15100.0	2	1	4	1	5
15088.0	2	1	4	1	6
1376078.0	2	2	3	1	5
1376078.0	2	2	4	2	5
1376006.0	2	2	4	0	7
1377025.0	2	1	7	1	4
1377025.0	2	1	3	2	8
1377025.0	2	1	4	3	8
1377025.0	2	1	1	4	4
1377025.0	2	1	8	5	4
1377004.0	2	1	2	0	6
1377004.0	2	1	8	0	4
1377004.0	2	1	3	1	5
1377004.0	2	1	4	2	5
1377004.0	2	1	1	3	5
1377046.0	2	1	3	0	4
12026.0	2	1	2	0	6
12026.0	2	1	8	0	4
12026.0	2	1	3	1	2
12026.0	2	1	4	2	2
12026.0	2	1	1	3	5
12018.0	2	2	3	1	6
1370040.0	2	1	3	1	8
1370040.0	2	1	4	2	8
1370001.0	2	1	3	1	2
1370001.0	2	1	4	2	1
1370001.0	2	1	7	3	2
29095.0	2	1	4	1	8
43022.0	2	2	3	1	8
1384002.0	2	2	4	1	5
1384002.0	2	2	2	2	4
28002.0	2	1	4	1	5
139044.0	2	2	3	1	8
141021.0	2	1	4	1	8
141021.0	2	1	7	2	4
146016.0	2	1	3	1	2
146016.0	2	1	8	2	1
146016.0	2	1	7	3	1
146016.0	2	1	9	4	8
146016.0	2	1	4	5	3
146037.0	2	1	3	1	5
146037.0	2	1	4	2	4
147053.0	2	1	7	1	4
147053.0	2	1	3	2	4
147053.0	2	1	1	3	4
147053.0	2	1	4	4	4
147053.0	2	1	8	5	4
1385015.0	2	1	1	1	8
1385015.0	2	1	2	2	8
1385015.0	2	1	3	3	4
1385015.0	2	1	7	4	8
1385015.0	2	1	8	5	4
1386036.0	2	1	4	1	8
1386036.0	2	1	3	2	8
1386036.0	2	1	1	3	2
1386036.0	2	1	7	4	4
1386036.0	2	1	2	5	8
1386036.0	2	1	8	6	4
1386055.0	2	1	7	1	4
1386055.0	2	1	3	2	4
1386055.0	2	1	8	3	4
1386055.0	2	1	1	4	4
1386055.0	2	1	4	5	4
1386055.0	2	1	2	6	4
1387123.0	2	2	3	1	8
1388056.0	2	1	7	1	2
1388056.0	2	1	2	2	8
1388056.0	2	1	1	3	8
1388056.0	2	1	3	4	8
1388056.0	2	1	8	5	4
1388041.0	2	2	4	1	8
1389041.0	2	1	3	1	2
1389041.0	2	1	4	2	2
1389041.0	2	1	7	3	3
1389060.0	2	1	3	1	8
1389017.0	2	1	4	1	8
1389017.0	2	1	7	2	7
1389054.0	2	1	3	1	4
1389054.0	2	1	8	2	8
112068.0	2	1	4	1	5
112018.0	2	1	4	1	4
112018.0	2	1	3	2	8
1394066.0	2	1	3	1	3
1394060.0	2	2	4	1	6
1395029.0	2	1	4	1	4
1395033.0	2	1	4	1	8
1395033.0	2	1	3	2	8
1395033.0	2	1	8	3	8
1395014.0	2	2	4	1	5
1395009.0	2	1	4	1	2
1395009.0	2	1	7	2	4
1395009.0	2	1	1	3	4
1395009.0	2	1	8	4	4
1395043.0	2	1	1	1	8
1395043.0	2	1	4	2	8
1395043.0	2	1	2	3	8
1395043.0	2	1	3	4	8
1395043.0	2	1	7	5	8
1395043.0	2	1	8	6	4
1395024.0	2	1	4	1	4
1397025.0	2	2	4	1	4
1397045.0	2	1	3	1	4
1397045.0	2	1	4	2	4
1397085.0	2	1	4	1	8
1399057.0	2	1	3	1	4
1399057.0	2	1	4	2	5
1399057.0	2	1	1	3	2
1399057.0	2	1	2	4	2
1399057.0	2	1	7	5	4
1399057.0	2	1	8	6	4
1399017.0	2	1	3	1	4
1399041.0	2	1	3	1	4
1399041.0	2	1	4	2	8
1401046.0	2	1	4	1	5
1401038.0	2	1	4	1	4
1401038.0	2	1	3	2	4
1402085.0	2	1	3	1	4
1402085.0	2	1	4	2	4
1402073.0	2	1	3	1	4
1402073.0	2	1	4	2	8
1398003.0	2	1	4	1	8
1398003.0	2	1	3	2	8
1398003.0	2	1	1	3	1
1398003.0	2	1	2	4	8
1398003.0	2	1	8	5	4
1398081.0	2	1	3	1	4
1398081.0	2	1	4	2	5
1398081.0	2	1	1	3	4
1398081.0	2	1	2	4	4
1398081.0	2	1	7	5	4
1398081.0	2	1	8	6	4
138107.0	2	1	3	1	4
138107.0	2	1	4	2	4
138009.0	2	1	3	1	4
138009.0	2	1	4	2	4
138009.0	2	1	8	3	4
138009.0	2	1	1	4	5
138009.0	2	1	2	5	6
1407084.0	2	2	3	1	6
1407064.0	2	1	7	1	2
1407064.0	2	1	2	2	4
1407064.0	2	1	1	3	4
1407064.0	2	1	3	4	8
1407064.0	2	1	4	5	8
1407064.0	2	1	8	6	4
1408086.0	2	1	3	1	5
1408086.0	2	1	4	2	5
1408086.0	2	1	7	3	5
1409027.0	2	1	4	1	8
1409027.0	2	1	3	2	8
1409027.0	2	1	7	3	4
1413004.0	2	1	2	0	6
1413004.0	2	1	8	0	4
1413004.0	2	1	4	1	5
1413004.0	2	1	3	2	5
1413004.0	2	1	1	3	5
1413069.0	2	1	4	1	8
1413096.0	2	1	1	1	3
1413096.0	2	1	4	2	8
1413096.0	2	1	3	3	8
1413096.0	2	1	8	4	4
1414160.0	2	1	3	1	5
1485046.0	2	1	2	0	6
1485046.0	2	1	8	0	4
1485046.0	2	1	3	1	5
1485046.0	2	1	1	2	5
1485030.0	2	1	4	1	4
1485030.0	2	1	3	2	4
1485030.0	2	1	1	3	4
1485030.0	2	1	8	4	4
1487103.0	2	1	4	1	3
1487103.0	2	1	3	2	4
1488016.0	2	1	3	1	4
1488016.0	2	1	4	2	8
1488016.0	2	1	7	3	4
1488016.0	2	1	1	4	4
1488016.0	2	1	8	5	4
1490042.0	2	1	4	1	2
1490042.0	2	1	3	2	5
1490042.0	2	1	1	3	6
1490042.0	2	1	8	4	4
290001.0	2	1	4	1	5
290001.0	2	1	3	2	5
290001.0	2	1	1	3	5
290001.0	2	1	2	4	6
290001.0	2	1	8	5	4
291057.0	2	1	8	0	4
291057.0	2	1	4	1	6
291057.0	2	1	1	2	4
291057.0	2	1	5	3	8
1495019.0	2	1	7	1	8
1495019.0	2	1	4	2	8
1495019.0	2	1	8	3	4
1495019.0	2	1	1	4	5
1495019.0	2	1	2	5	8
1495019.0	2	1	3	6	4
1495006.0	2	1	4	1	4
1495006.0	2	1	3	2	8
1495071.0	2	1	1	0	5
1495071.0	2	1	2	0	6
1495071.0	2	1	4	1	5
1496011.0	2	2	4	1	8
1497006.0	2	1	8	1	4
1497041.0	2	1	4	1	4
1497041.0	2	1	3	2	4
1498010.0	2	1	4	1	8
1503081.0	2	1	7	1	4
1503081.0	2	1	4	2	4
1503081.0	2	1	3	3	4
1503081.0	2	1	1	4	2
1503081.0	2	1	2	5	3
1503081.0	2	1	8	6	4
1504073.0	2	1	7	1	4
1504073.0	2	1	3	2	8
1504073.0	2	1	4	3	4
1504083.0	2	1	4	1	8
1504083.0	2	1	1	2	8
1504083.0	2	1	8	3	4
1507028.0	2	1	1	1	8
1507028.0	2	1	3	2	8
1507028.0	2	1	4	3	8
1507028.0	2	1	8	4	4
1512009.0	2	1	3	1	8
1512005.0	2	1	3	1	4
1512005.0	2	1	4	2	8
1500094.0	2	1	4	1	5
1525002.0	2	1	3	1	5
1526011.0	2	2	4	1	4
1526011.0	2	2	1	2	2
1526011.0	2	2	8	3	4
1526106.0	2	1	3	1	5
1526106.0	2	1	4	2	5
1526043.0	2	2	4	1	5
1533019.0	2	1	3	1	4
1533019.0	2	1	8	2	4
1533019.0	2	1	1	3	3
1533109.0	2	2	4	1	8
1533007.0	2	1	1	1	2
1533007.0	2	1	4	2	8
1533007.0	2	1	8	3	4
1540065.0	2	2	3	1	6
1649041.0	2	1	1	1	2
1649041.0	2	1	2	2	2
1649041.0	2	1	3	3	4
1649041.0	2	1	4	4	4
1649041.0	2	1	7	5	4
1649041.0	2	1	8	6	4
1650061.0	2	2	4	1	8
1652016.0	2	1	3	1	4
1652016.0	2	1	1	2	4
1652016.0	2	1	8	3	4
1652008.0	2	1	2	0	6
1652008.0	2	1	8	0	4
1652008.0	2	1	4	1	5
1652008.0	2	1	1	2	5
1652050.0	2	1	3	1	8
1655063.0	2	1	7	1	8
1655063.0	2	1	1	2	8
1655063.0	2	1	4	3	8
1655063.0	2	1	3	4	8
1655063.0	2	1	8	5	4
1655049.0	2	1	7	1	8
1655049.0	2	1	4	2	8
1655049.0	2	1	3	3	8
1656012.0	2	1	4	1	4
1656012.0	2	1	3	2	4
1656053.0	2	1	1	1	1
1656053.0	2	1	3	2	8
1656053.0	2	1	2	3	2
1656053.0	2	1	8	4	4
1656133.0	2	1	7	1	8
1656133.0	2	1	3	2	8
1656133.0	2	1	4	3	8
1656133.0	2	1	8	4	4
1656133.0	2	1	1	5	8
1744070.0	2	1	4	1	4
1661049.0	2	1	4	1	8
1661003.0	2	2	3	1	5
1661007.0	2	1	3	1	4
1661007.0	2	1	4	2	5
1661042.0	2	1	3	1	4
1661042.0	2	1	4	2	4
1662172.0	2	1	4	1	4
1662172.0	2	1	3	2	4
1662172.0	2	1	1	3	4
1662172.0	2	1	8	4	4
1665009.0	2	1	7	1	4
1665009.0	2	1	3	2	4
1665009.0	2	1	4	3	8
1665076.0	2	2	3	1	4
1665037.0	2	2	4	1	4
1665037.0	2	2	3	2	4
1664002.0	2	1	4	1	5
1664069.0	2	2	4	1	4
1664069.0	2	2	5	2	4
867087.0	2	1	3	1	5
867087.0	2	1	4	2	4
1670013.0	2	1	1	1	2
1670013.0	2	1	3	2	3
1670013.0	2	1	2	3	3
1670013.0	2	1	8	4	4
1670187.0	2	1	7	1	8
1670187.0	2	1	3	2	8
1670187.0	2	1	4	3	8
1670110.0	2	1	3	1	4
1670110.0	2	1	7	2	4
1670110.0	2	1	4	3	4
1678089.0	2	2	4	1	8
1682015.0	2	1	4	1	4
1682015.0	2	1	3	2	4
1682015.0	2	1	7	3	5
1682095.0	2	1	7	1	4
1682095.0	2	1	4	2	2
1682095.0	2	1	3	3	8
1682095.0	2	1	1	4	4
1682095.0	2	1	2	5	8
1682095.0	2	1	8	6	4
944043.0	2	2	4	1	4
945032.0	2	1	3	1	8
945110.0	2	1	4	1	4
945110.0	2	1	3	2	4
945110.0	2	1	1	3	4
945110.0	2	1	2	4	4
945110.0	2	1	8	5	4
1687099.0	2	1	4	1	8
1688051.0	2	1	3	1	4
1690098.0	2	2	5	1	8
1691009.0	2	2	4	1	5
1691042.0	2	2	3	1	4
1692047.0	2	2	3	1	8
1693077.0	2	1	1	1	2
1693077.0	2	1	3	2	4
1693077.0	2	1	2	3	8
1693077.0	2	1	4	4	8
1693077.0	2	1	7	5	4
1693077.0	2	1	8	6	4
1693004.0	2	1	4	1	8
1693004.0	2	1	1	2	2
1693004.0	2	1	2	3	8
1693004.0	2	1	8	4	4
1696013.0	2	1	4	1	8
1696013.0	2	1	3	2	8
1696052.0	2	1	4	1	4
1696052.0	2	1	7	2	4
1696052.0	2	1	3	3	4
1696052.0	2	1	1	4	4
1696052.0	2	1	8	5	4
1697106.0	2	1	4	1	8
1697106.0	2	1	7	2	4
1697106.0	2	1	3	3	4
1697106.0	2	1	1	4	4
1697106.0	2	1	2	5	4
1697106.0	2	1	8	6	4
1697095.0	2	1	7	1	4
1697095.0	2	1	3	2	3
1697095.0	2	1	4	3	4
1697095.0	2	1	1	4	4
1697095.0	2	1	2	5	4
1697095.0	2	1	8	6	4
1703048.0	2	1	4	1	4
1703048.0	2	1	1	2	4
1703048.0	2	1	3	3	8
1703048.0	2	1	6	4	5
1703048.0	2	1	8	5	4
1706039.0	2	1	4	1	8
1706085.0	2	1	2	0	6
1706085.0	2	1	8	0	4
1706085.0	2	1	3	1	5
1706085.0	2	1	4	2	5
1706085.0	2	1	7	3	5
1706085.0	2	1	1	4	5
982033.0	2	1	3	1	8
982033.0	2	1	1	2	2
982033.0	2	1	8	3	4
988060.0	2	1	7	1	8
988060.0	2	1	4	2	8
1036065.0	2	1	4	1	8
1036065.0	2	1	3	2	8
1134128.0	2	2	5	1	8
1134128.0	2	2	4	2	8
1759014.0	2	1	1	1	2
1759014.0	2	1	3	2	7
1759014.0	2	1	8	3	4
1759098.0	2	1	1	1	1
1759098.0	2	1	3	2	8
1759098.0	2	1	4	3	8
1759098.0	2	1	7	4	4
1759098.0	2	1	8	5	4
1759144.0	2	1	1	1	2
1759144.0	2	1	7	2	4
1759144.0	2	1	3	3	8
1759144.0	2	1	8	4	4
1760087.0	2	1	4	1	8
1760087.0	2	1	3	2	8
1760087.0	2	1	1	3	1
1760087.0	2	1	8	4	4
1761068.0	2	1	4	1	8
1761068.0	2	1	3	2	8
1761068.0	2	1	1	3	1
1761068.0	2	1	7	4	8
1761068.0	2	1	8	5	4
1180007.0	2	1	4	1	5
1180095.0	2	2	1	0	2
1180095.0	2	2	2	0	4
1180095.0	2	2	3	0	8
1180095.0	2	2	4	0	8
1180095.0	2	2	8	0	4
1770024.0	2	1	4	1	8
1770024.0	2	1	3	2	8
1770024.0	2	1	7	3	8
1770075.0	2	2	4	1	7
1772012.0	2	1	3	1	8
1772012.0	2	1	4	2	8
1780074.0	2	1	3	1	8
1780074.0	2	1	4	2	8
1780084.0	2	1	4	1	8
1780084.0	2	1	3	2	8
1787113.0	2	2	4	1	7
1787016.0	2	1	4	1	8
1787016.0	2	1	3	2	8
1790063.0	2	1	4	1	8
1791074.0	2	2	4	1	7
1791103.0	2	2	4	1	7
1791121.0	2	2	4	1	7
748013.0	2	2	4	1	6
1635067.0	2	1	4	1	4
1635009.0	2	1	4	1	4
1635009.0	2	1	3	2	5
1636003.0	2	1	2	0	6
1636003.0	2	1	8	0	4
1636003.0	2	1	4	1	6
1636003.0	2	1	3	2	6
1636003.0	2	1	1	3	5
1567141.0	2	2	4	0	4
1569006.0	2	2	4	1	5
1570031.0	2	1	1	0	8
1570031.0	2	1	3	0	8
1570031.0	2	1	4	0	8
1570031.0	2	1	8	0	4
1570077.0	2	1	3	1	5
618088.0	2	1	7	1	8
618088.0	2	1	4	2	8
618088.0	2	1	3	3	8
618088.0	2	1	1	4	8
618088.0	2	1	8	5	4
1575100.0	2	1	3	1	8
1575100.0	2	1	4	2	8
1576009.0	2	1	3	1	5
1576009.0	2	1	4	2	5
1576009.0	2	1	7	3	8
1576022.0	2	1	8	0	4
1576022.0	2	1	3	1	8
1576022.0	2	1	4	2	8
1576022.0	2	1	1	3	4
1576022.0	2	1	2	4	4
1578015.0	2	2	4	1	8
1578053.0	2	1	3	0	4
1578053.0	2	1	4	0	4
1613032.0	2	2	4	0	8
1615115.0	2	1	5	1	6
1592051.0	2	2	3	1	4
1592051.0	2	2	4	2	4
1592041.0	2	2	4	1	5
1592061.0	2	1	3	0	4
1592061.0	2	1	4	0	3
1593058.0	2	2	4	1	5
1593034.0	2	1	3	1	5
1593007.0	2	1	3	1	8
1593007.0	2	1	7	2	8
1593072.0	2	1	3	1	4
1593072.0	2	1	4	2	4
1593072.0	2	1	7	3	4
1593072.0	2	1	1	4	2
1593072.0	2	1	2	5	8
1593072.0	2	1	8	6	4
1595063.0	2	1	1	1	4
1595063.0	2	1	2	2	4
1595063.0	2	1	3	3	4
1595063.0	2	1	4	4	4
1595063.0	2	1	8	5	4
1595055.0	2	1	4	1	8
1596045.0	2	1	2	0	6
1596045.0	2	1	8	0	4
1596045.0	2	1	1	1	5
1596045.0	2	1	3	2	6
1596045.0	2	1	4	3	6
1596045.0	2	1	7	4	8
1347009.0	2	1	99		
1347057.0	2	1	99		
1603036.0	2	1	3	1	8
1604048.0	2	1	3	1	4
1604048.0	2	1	4	2	4
1604048.0	2	1	5	3	4
1604048.0	2	1	1	4	3
1604048.0	2	1	2	5	5
1604048.0	2	1	8	6	4
649086.0	2	1	3	1	8
649086.0	2	1	4	2	8
649043.0	2	1	4	1	4
649043.0	2	1	3	2	8
1607016.0	2	1	3	1	3
1607016.0	2	1	4	2	3
1607025.0	2	2	3	1	8
660027.0	2	1	1	0	1
660027.0	2	1	2	0	1
660027.0	2	1	3	0	4
660027.0	2	1	4	0	4
660027.0	2	1	8	0	4
1612055.0	2	1	3	1	4
1612055.0	2	1	4	2	4
1612041.0	2	1	3	1	8
1612063.0	2	1	4	1	4
1612063.0	2	1	3	2	4
1612063.0	2	1	1	3	4
1612063.0	2	1	2	4	4
1612063.0	2	1	7	5	4
1612063.0	2	1	8	6	4
1612063.0	2	1	9	7	4
1612033.0	2	1	4	1	6
1612033.0	2	1	3	2	8
1612070.0	2	1	4	1	5
1612070.0	2	1	3	2	5
1612070.0	2	1	5	3	5
1612070.0	2	1	2	4	6
1612070.0	2	1	1	5	5
1612070.0	2	1	8	6	4
1619073.0	2	1	4	1	8
1619012.0	2	2	4	1	5
1630042.0	2	2	4	1	6
1624023.0	2	1	4	1	5
1624023.0	2	1	3	2	5
1624009.0	2	1	4	1	5
1624009.0	2	1	3	2	4
1624043.0	2	1	3	1	7
1626040.0	2	1	4	1	4
1626040.0	2	1	1	2	3
1626040.0	2	1	8	3	4
1627044.0	2	2	4	1	8
1627006.0	2	1	3	1	3
1627006.0	2	1	1	2	3
1627006.0	2	1	7	3	4
1627006.0	2	1	2	4	4
1627006.0	2	1	8	5	4
1627029.0	2	1	3	1	4
1627029.0	2	1	4	2	4
1627022.0	2	1	3	1	4
1627022.0	2	1	4	2	4
1627022.0	2	1	2	3	4
1627022.0	2	1	1	4	4
1627022.0	2	1	8	5	4
1427002.0	2	1	4	1	6
210035.0	2	2	4	1	8
1479093.0	2	1	4	1	8
1479024.0	2	1	2	0	3
1479024.0	2	1	3	0	4
1479024.0	2	1	4	0	4
1480037.0	2	1	3	1	3
1482084.0	2	1	1	0	4
1482084.0	2	1	3	0	4
1482084.0	2	1	8	0	4
1482068.0	2	1	4	0	4
1433018.0	2	1	7	1	2
1433018.0	2	1	4	2	8
1433018.0	2	1	3	3	8
1435003.0	2	1	3	1	4
1435003.0	2	1	4	2	4
1435003.0	2	1	1	3	8
1435003.0	2	1	8	4	4
1437080.0	2	2	4	1	8
1437080.0	2	2	3	2	4
1438110.0	2	1	7	1	4
1438110.0	2	1	1	2	2
1438110.0	2	1	3	3	5
1438110.0	2	1	4	4	5
1438110.0	2	1	8	5	4
1438069.0	2	2	4	1	8
1439098.0	2	2	3	1	5
1439098.0	2	2	4	2	5
1446074.0	2	1	4	1	5
1446065.0	2	2	3	1	8
1450002.0	2	1	4	1	4
1450002.0	2	1	3	2	4
1450079.0	2	2	4	1	8
1450061.0	2	1	3	1	5
1450061.0	2	1	4	2	5
1451062.0	2	1	7	1	3
1451062.0	2	1	1	2	1
1451062.0	2	1	5	3	4
1451062.0	2	1	4	4	3
1451062.0	2	1	8	5	4
1451062.0	2	1	3	6	3
1451062.0	2	1	2	7	8
1451062.0	2	1	9	8	3
1453068.0	2	1	7	1	4
1453068.0	2	1	3	2	8
1453068.0	2	1	1	3	2
1453068.0	2	1	2	4	8
1453068.0	2	1	8	5	4
222028.0	2	1	4	1	4
222028.0	2	1	3	2	4
1465151.0	2	1	4	1	3
1465169.0	2	1	4	1	4
1465169.0	2	1	1	2	8
1465169.0	2	1	8	3	4
1466026.0	2	1	1	0	1
1466026.0	2	1	3	0	8
1466026.0	2	1	4	0	4
1466026.0	2	1	8	0	4
1470001.0	2	1	3	1	4
1471062.0	2	1	2	1	2
1471062.0	2	1	3	2	2
1471062.0	2	1	7	3	2
1471032.0	2	2	3	1	8
1471010.0	2	1	4	1	8
1472014.0	2	1	99		
1472065.0	2	1	3	1	5
1620065.0	2	1	3	1	4
1620065.0	2	1	4	2	8
1620065.0	2	1	7	3	4
1620065.0	2	1	1	4	2
1620065.0	2	1	2	5	4
1620065.0	2	1	8	6	4
1620051.0	2	2	3	1	8
1267034.0	3	1	99		
1282003.0	3	1	3	1	8
1282003.0	3	1	7	2	5
1335012.0	3	1	4	1	4
1335012.0	3	1	3	2	4
1356039.0	3	1	3	1	4
1356039.0	3	1	1	2	1
1356039.0	3	1	2	3	2
1356039.0	3	1	4	4	8
1356039.0	3	1	7	5	4
1356039.0	3	1	8	6	4
1356025.0	3	1	3	1	4
1356025.0	3	1	1	2	4
1356025.0	3	1	7	3	2
1356025.0	3	1	8	4	4
1262085.0	3	1	3	1	4
1262085.0	3	1	4	2	8
1262077.0	3	1	7	1	1
1262077.0	3	1	4	2	4
1262077.0	3	1	3	3	4
15017.0	3	1	4	1	7
15017.0	3	1	1	2	4
15017.0	3	1	8	3	4
2097.0	3	1	3	1	5
2097.0	3	1	4	2	5
2097.0	3	1	1	3	5
2097.0	3	1	2	4	6
2097.0	3	1	8	5	4
146083.0	3	2	4	1	8
1395048.0	3	1	1	1	8
1395048.0	3	1	4	2	8
1395048.0	3	1	8	3	4
1402012.0	3	1	4	1	4
1402012.0	3	1	3	2	4
1412046.0	3	1	4	1	2
1484085.0	3	1	4	1	4
1484085.0	3	1	3	2	4
1504010.0	3	1	4	1	8
1508055.0	3	1	3	1	8
1508055.0	3	1	4	2	8
1508055.0	3	1	2	3	4
1655119.0	3	1	1	1	1
1655119.0	3	1	4	2	8
1655119.0	3	1	7	3	4
1655119.0	3	1	2	4	2
1655119.0	3	1	3	5	8
1655119.0	3	1	8	6	4
842020.0	3	2	4	1	8
1661056.0	3	1	4	1	4
1665045.0	3	1	3	1	4
1684048.0	3	1	7	1	3
1684048.0	3	1	4	2	4
1684048.0	3	1	3	3	4
1684048.0	3	1	1	4	4
1684048.0	3	1	8	5	4
1696023.0	3	1	3	1	4
1696023.0	3	1	1	2	3
1696023.0	3	1	4	3	4
1696023.0	3	1	8	4	4
1696090.0	3	1	4	1	4
1696090.0	3	1	1	2	4
1696090.0	3	1	2	3	4
1696090.0	3	1	3	4	4
1696090.0	3	1	8	5	4
1705069.0	3	1	4	1	8
1754076.0	3	1	4	1	4
1760103.0	3	1	3	1	7
1760103.0	3	1	1	2	1
1760103.0	3	1	8	3	4
1770165.0	3	1	1	1	1
1770165.0	3	1	2	2	3
1770165.0	3	1	7	3	1
1770165.0	3	1	4	4	7
1770165.0	3	1	3	5	7
1770165.0	3	1	8	6	4
1772019.0	3	1	3	1	8
1772019.0	3	1	4	2	8
1772019.0	3	1	1	3	2
1772019.0	3	1	2	4	1
1772019.0	3	1	8	5	4
1787058.0	3	2	4	1	8
1595009.0	3	2	3	1	5
1596004.0	3	2	4	1	8
1630105.0	3	1	8	0	4
1630105.0	3	1	4	1	4
1630105.0	3	1	3	2	5
1630105.0	3	1	1	3	3
1630105.0	3	1	2	4	4
1627053.0	3	1	4	1	4
1627053.0	3	1	3	2	4
1627053.0	3	1	7	3	4
1627053.0	3	1	1	4	4
1627053.0	3	1	2	5	8
1627053.0	3	1	8	6	4
210047.0	3	1	1	0	1
210047.0	3	1	2	0	3
210047.0	3	1	3	0	7
210047.0	3	1	8	0	4
210097.0	3	1	4	1	6
1438023.0	3	1	3	1	4
1438023.0	3	1	4	2	4
1438023.0	3	1	2	3	8
1438023.0	3	1	1	4	8
1438023.0	3	1	8	5	4
1439110.0	3	1	3	1	4
1439110.0	3	1	4	2	5
1439110.0	3	1	1	3	8
1439110.0	3	1	8	4	4
1470013.0	3	1	4	1	4
1471025.0	3	1	4	1	4
1471025.0	3	1	3	2	8
1471054.0	3	2	4	1	8
1267028.0	4	1	99		
1300097.0	4	1	3	1	4
1300097.0	4	1	5	2	4
1300097.0	4	1	1	3	8
1300097.0	4	1	7	4	8
1300097.0	4	1	8	5	4
1334079.0	4	1	99		
1338018.0	4	1	1	0	4
1338018.0	4	1	3	0	8
1338018.0	4	1	4	0	4
1338018.0	4	1	8	0	4
1498003.0	4	1	4	1	4
1498062.0	4	1	4	1	5
944063.0	4	1	4	1	4
944063.0	4	1	1	2	4
944063.0	4	1	3	3	4
944063.0	4	1	8	4	4
1758057.0	4	1	4	1	8
1451018.0	4	1	3	1	3
1451018.0	4	1	4	2	3
1453015.0	4	1	1	1	8
1453015.0	4	1	3	2	4
1453015.0	4	1	4	3	4
1453015.0	4	1	8	4	4
1267018.0	5	1	99		
1338003.0	5	1	3	0	8
1338003.0	5	1	4	0	8
53049.0	5	1	4	1	4
53049.0	5	1	3	2	4
1495084.0	5	1	4	1	4
1437092.0	5	1	3	1	8
1437092.0	5	1	4	2	8
1437092.0	5	1	1	3	1
1437092.0	5	1	2	4	8
1437092.0	5	1	8	5	4
1440002.0	5	2	4	1	5
1453089.0	5	2	3	1	5
1453089.0	5	2	4	2	5
1267052.0	6	2	99		
139010.0	7	1	2	0	3
139010.0	7	1	3	0	5
1453078.0	7	1	3	0	6
1453078.0	7	1	4	0	6
