hhid	product	annual_expend
1265041.0	61	5000
1265041.0	67	3000
1265041.0	65	2500
1265067.0	61	500
1265076.0	73	2000
1265080.0	66	5000
1265080.0	65	3500
1265050.0	61	10000
1265050.0	67	4000
1265050.0	72	2000
1265084.0	69	80000
1265084.0	61	4000
1265084.0	74	500
1265007.0	66	7000
1265007.0	67	5000
1265007.0	69	1500
1265016.0	65	1200
1265016.0	72	700
1265024.0	66	5600
1265024.0	67	3200
1265024.0	65	2200
1265024.0	69	1600
1265033.0	61	2000
1265033.0	74	1000
1265033.0	65	500
1265033.0	62	400
1266074.0	61	750
1266074.0	65	700
1266074.0	62	600
1266112.0	66	5000
1266112.0	68	5000
1266112.0	67	3000
1266112.0	74	3000
1266112.0	62	1600
1266112.0	72	1500
1266112.0	65	1000
1266099.0	67	3000
1266099.0	68	2300
1266099.0	69	1000
1266099.0	72	1000
1266099.0	74	1000
1266046.0	65	500
1266035.0	74	100
1266086.0	69	1300
1266086.0	72	250
1266125.0	61	5000
1266125.0	69	800
1266125.0	65	600
1266117.0	61	7000
1266117.0	66	6000
1266117.0	67	3000
1266117.0	68	2000
1266117.0	69	2000
1266117.0	65	700
1266061.0	67	4000
1266061.0	72	800
1266061.0	62	700
1266061.0	61	600
1266022.0	66	4000
1266022.0	69	1000
1266022.0	68	400
1267018.0	69	100000
1267018.0	72	5000
1267052.0	69	15000
1267034.0	99	0
1267057.0	75	8000
1267057.0	68	5000
1267028.0	99	0
1267051.0	99	0
1267005.0	61	2000
1267005.0	68	300
1267003.0	72	20000
1267003.0	74	2000
1267010.0	63	450000
1267010.0	62	24000
1267010.0	61	20000
1267010.0	69	10000
1267010.0	70	10000
1267010.0	67	5000
1267010.0	68	2900
1267010.0	72	1000
1267069.0	72	50000
1269019.0	75	50000
1269019.0	61	4000
1269064.0	61	2500
1269064.0	68	2500
1269064.0	65	1000
1269064.0	72	1000
1269037.0	69	15600
1269037.0	66	1000
1269028.0	69	18250
1269082.0	61	5000
1269082.0	68	2500
1269082.0	72	2000
1269010.0	61	3000
1269010.0	66	2500
1269010.0	65	1000
1269001.0	61	17000
1269001.0	66	15000
1269001.0	67	3600
1269001.0	65	3000
1269073.0	69	40000
1269073.0	75	20000
1269073.0	61	3000
1269073.0	72	3000
1269055.0	69	124000
1269046.0	99	0
1270025.0	66	17000
1270025.0	67	5000
1270025.0	68	5000
1270025.0	69	3800
1270104.0	69	20000
1270104.0	72	15000
1270104.0	66	10000
1270041.0	69	100000
1270041.0	72	3000
1270041.0	68	2000
1270101.0	64	87000
1270101.0	61	45000
1270101.0	62	31300
1270101.0	69	30000
1270101.0	66	28900
1270101.0	72	10000
1270031.0	69	2700
1270021.0	69	30000
1270072.0	69	40000
1270072.0	70	30000
1270072.0	72	2000
1270072.0	74	1000
1270073.0	69	35000
1270073.0	74	2000
1270082.0	99	0
1270093.0	72	500
1272028.0	65	300
1272028.0	61	200
1272042.0	66	300
1272042.0	65	200
1272042.0	72	200
1272042.0	68	100
1272015.0	67	3000
1272015.0	65	2500
1272015.0	72	700
1272048.0	99	0
1272002.0	72	1000
1272055.0	69	10000
1272026.0	61	8000
1272026.0	65	5000
1272026.0	68	3500
1272026.0	72	2000
1272062.0	99	0
1272035.0	68	3300
1272035.0	67	2500
1272035.0	72	1500
1272035.0	66	1000
1272022.0	69	70000
1272022.0	72	9000
1274094.0	99	0
1274003.0	61	25000
1274003.0	64	22000
1274003.0	62	20000
1274003.0	69	18000
1274003.0	66	6000
1274003.0	67	4000
1274003.0	65	2500
1274003.0	74	2000
1274003.0	72	1800
1274029.0	69	2900
1274029.0	71	2220
1274016.0	69	5000
1274016.0	72	2000
1274016.0	66	800
1274016.0	68	250
1274042.0	72	2000
1274042.0	68	1200
1274021.0	68	2200
1274062.0	69	1500
1274068.0	99	0
1274034.0	69	5000
1274107.0	61	300
1275037.0	61	7000
1275037.0	65	806
1275053.0	65	1500
1275029.0	61	8000
1275012.0	66	5000
1275012.0	65	200
1275005.0	69	8900
1275013.0	99	0
1275021.0	99	0
1275069.0	66	150000
1275069.0	69	20000
1275069.0	67	7000
1275077.0	74	1000
1275061.0	74	15000
1275061.0	72	10000
1275061.0	68	7700
1275061.0	69	5000
1276132.0	69	3000
1276132.0	72	500
1276064.0	61	1000
1276014.0	61	1500
1276078.0	99	0
1276037.0	69	50000
1276024.0	69	3000
1276118.0	69	3600
1276010.0	69	40000
1276010.0	63	15000
1276010.0	70	8500
1276051.0	99	0
1276033.0	67	3500
1276033.0	61	1200
1280039.0	75	10000
1280039.0	71	1000
1280026.0	69	7500
1280046.0	69	6000
1280033.0	75	30000
1280033.0	69	4000
1280033.0	61	2000
1280033.0	74	500
1280019.0	61	5000
1280041.0	61	10000
1280060.0	99	0
1280006.0	69	9000
1280006.0	75	4000
1280064.0	72	2000
1280064.0	65	500
1280053.0	69	2000
1282062.0	69	1500
1282062.0	65	1000
1282062.0	72	200
1282078.0	70	24000
1282078.0	62	1000
1282036.0	69	32000
1282036.0	68	4700
1282036.0	67	2500
1282036.0	61	1800
1282053.0	61	600
1282053.0	69	230
1282003.0	69	50000
1282003.0	63	2000
1282011.0	99	0
1282020.0	63	2500
1282020.0	68	2500
1282020.0	61	2400
1282020.0	70	1000
1282020.0	62	400
1282070.0	69	5000
1282070.0	72	3000
1282070.0	68	2500
1282070.0	74	1500
1282070.0	61	1000
1282045.0	61	800
1282028.0	69	20000
1282028.0	72	15000
1282028.0	68	6000
1282028.0	65	800
1283033.0	69	18000
1283059.0	61	900
1283046.0	69	6000
1283112.0	69	10000
1283020.0	69	1000
1283086.0	67	3500
1283086.0	66	700
1283086.0	65	400
1283072.0	99	0
1283006.0	69	8000
1283006.0	61	2000
1283006.0	62	500
1283006.0	74	500
1283099.0	99	0
1283125.0	61	1500
1284047.0	65	5000
1284047.0	61	4600
1284047.0	74	300
1284010.0	99	0
1284035.0	69	5000
1284084.0	99	0
1284072.0	69	50000
1284072.0	74	500
1284060.0	99	0
1284109.0	69	25000
1284122.0	61	10000
1284122.0	66	8000
1284122.0	67	1500
1284122.0	62	400
1284097.0	69	15000
1284097.0	62	450
1284097.0	74	200
1284022.0	69	9000
1294014.0	70	60000
1294014.0	69	39000
1294014.0	62	35000
1294014.0	68	10000
1294014.0	67	5500
1294014.0	72	200
1294082.0	61	20000
1294082.0	66	8000
1294082.0	67	5000
1294082.0	65	2000
1294055.0	72	1000
1294055.0	74	800
1294055.0	73	500
1294096.0	66	14000
1294096.0	68	7000
1294096.0	67	3090
1294123.0	65	12500
1294123.0	66	9000
1294123.0	68	5000
1294123.0	67	4500
1294123.0	61	1500
1294041.0	69	40000
1294041.0	68	16000
1294041.0	65	3500
1294041.0	73	2800
1294041.0	74	2000
1294041.0	61	1500
1294041.0	72	1000
1294041.0	62	800
1294068.0	69	50000
1294068.0	72	6000
1294109.0	69	25200
1294109.0	72	12000
1294109.0	74	6000
1294027.0	69	5000
1294027.0	68	2500
1294027.0	72	800
1294027.0	74	500
1294027.0	62	450
1294137.0	69	10000
1294137.0	72	4500
1295014.0	69	30000
1295014.0	64	28000
1295014.0	74	5000
1295014.0	62	2500
1295014.0	72	2000
1295096.0	72	2500
1295096.0	74	1000
1295084.0	69	50000
1295084.0	64	14000
1295073.0	69	80000
1295073.0	74	1000
1295108.0	61	40000
1295108.0	64	15000
1295108.0	74	1000
1295002.0	69	200000
1295002.0	72	1000
1295049.0	69	80000
1295049.0	68	15000
1295049.0	63	10000
1295049.0	67	8000
1295049.0	61	7000
1295049.0	62	7000
1295049.0	72	3000
1295066.0	75	400000
1295066.0	69	250000
1295066.0	74	10000
1295066.0	63	6000
1295066.0	68	4000
1295012.0	99	0
1295003.0	99	0
1296044.0	61	30000
1296044.0	75	30000
1296044.0	69	15000
1296044.0	65	4000
1296044.0	62	1000
1296044.0	66	1000
1296044.0	71	1000
1296026.0	61	12000
1296026.0	69	6000
1296026.0	66	5000
1296062.0	69	15000
1296062.0	67	8000
1296062.0	66	5000
1296062.0	61	3000
1296080.0	72	2000
1296089.0	61	200
1296008.0	61	8000
1296008.0	67	6500
1296008.0	66	6000
1296008.0	72	1200
1296082.0	69	6500
1296071.0	69	20000
1296071.0	66	17000
1296071.0	62	1000
1296025.0	66	10000
1296053.0	69	460
1297080.0	69	52000
1297093.0	69	25000
1297093.0	68	4500
1297093.0	67	3000
1297093.0	72	3000
1297116.0	72	10000
1297008.0	69	6000
1297008.0	72	2000
1297104.0	69	9000
1297104.0	68	4000
1297013.0	69	28000
1297032.0	99	0
1297092.0	68	2500
1297092.0	62	400
1297110.0	67	5000
1297110.0	68	2500
1297068.0	69	10000
1297068.0	74	500
1298024.0	99	0
1298117.0	75	300000
1298117.0	69	28000
1298117.0	71	15000
1298117.0	72	3500
1298084.0	66	6000
1298084.0	65	3000
1298084.0	67	3000
1298084.0	61	2500
1298084.0	72	800
1298084.0	62	350
1298010.0	67	2500
1298091.0	69	15000
1298091.0	72	800
1298104.0	66	7000
1298104.0	67	5400
1298104.0	68	1999
1298104.0	62	350
1298104.0	72	200
1298037.0	65	3000
1298037.0	61	2000
1298037.0	72	1000
1298064.0	74	200
1298077.0	99	0
1298054.0	99	0
1299020.0	62	50000
1299020.0	61	25000
1299020.0	65	22000
1299020.0	66	8000
1299020.0	67	7000
1299020.0	68	7000
1299063.0	69	11700
1299063.0	66	6900
1299063.0	65	5500
1299063.0	72	5000
1299048.0	62	400
1299034.0	69	6000
1299034.0	61	3000
1299119.0	72	800
1299091.0	61	20000
1299091.0	72	3000
1299077.0	69	3500
1299077.0	72	200
1299105.0	69	550
1299088.0	69	24000
1299088.0	72	3000
1299134.0	61	20000
1299134.0	65	10000
1299134.0	66	9000
1299134.0	67	6000
1299134.0	75	5000
1299134.0	68	3000
1299134.0	72	3000
1300097.0	72	1000000
1300097.0	69	500000
1300097.0	63	10000
1300097.0	68	10000
1300097.0	67	5000
1300097.0	64	4000
1300097.0	62	1000
1300097.0	65	1000
1300097.0	66	1000
1300025.0	69	200000
1300025.0	70	40000
1300025.0	74	30000
1300025.0	67	5000
1300046.0	99	0
1300005.0	63	650000
1300005.0	69	600000
1300005.0	62	45000
1300005.0	61	30000
1300005.0	71	18000
1300005.0	68	16000
1300005.0	70	12775
1300005.0	74	8000
1300005.0	67	6000
1300005.0	72	5000
1300076.0	61	2000
1300076.0	62	350
1300015.0	65	1500
1300015.0	61	500
1300015.0	62	250
1300066.0	69	7000
1300087.0	69	14000
1300087.0	65	800
1300036.0	99	0
1300056.0	66	6000
1302023.0	64	22000
1302023.0	61	15000
1302023.0	66	7500
1302023.0	65	6000
1302023.0	67	3500
1302002.0	61	25000
1302002.0	65	9500
1302002.0	68	7200
1302002.0	67	4500
1302002.0	66	1800
1302002.0	72	500
1302002.0	62	300
1302035.0	66	10000
1302035.0	67	5000
1302035.0	68	4000
1302035.0	65	1500
1302035.0	69	1200
1302035.0	61	1000
1302035.0	62	250
1302010.0	69	1800
1302004.0	69	4500
1302004.0	72	500
1302017.0	69	18000
1302017.0	72	250
1302029.0	69	3000
1302029.0	62	380
1302053.0	72	200
1302041.0	69	15000
1302041.0	61	8000
1302038.0	72	200
1303056.0	69	2550
1303087.0	69	600
1303077.0	72	200
1303026.0	68	3350
1303026.0	61	1350
1303026.0	72	500
1303040.0	69	40000
1303040.0	72	200
1303086.0	69	15000
1303006.0	61	10000
1303006.0	67	4000
1303036.0	61	32000
1303036.0	62	23000
1303036.0	68	19800
1303036.0	66	10000
1303036.0	65	5000
1303036.0	69	600
1303016.0	69	20000
1303096.0	61	15000
1303096.0	66	8000
1303096.0	65	600
1303096.0	62	250
1304021.0	69	5100
1304021.0	72	2000
1304007.0	61	5000
1304007.0	68	5000
1304035.0	69	6000
1304033.0	61	35000
1304033.0	66	7800
1304033.0	65	1000
1304033.0	72	600
1304071.0	75	100000
1304071.0	69	22000
1304071.0	61	3500
1304071.0	71	1000
1304067.0	68	4002
1304067.0	72	1000
1304056.0	69	42000
1304056.0	65	4000
1304056.0	68	2000
1304042.0	69	8100
1304025.0	66	500
1304049.0	68	6500
1304049.0	61	5000
1304049.0	67	4000
1304049.0	65	2500
1304049.0	72	200
1305098.0	69	57000
1305074.0	69	48000
1305074.0	61	3000
1305003.0	69	3000
1305003.0	72	500
1305023.0	66	6000
1305023.0	61	5000
1305034.0	69	46000
1305094.0	61	15000
1305094.0	66	6000
1305094.0	67	6000
1305064.0	61	10000
1305064.0	68	3000
1305064.0	73	500
1305064.0	72	300
1305024.0	66	7000
1305024.0	61	6000
1305024.0	69	5000
1305024.0	67	3000
1305084.0	69	20000
1305084.0	65	8000
1305084.0	61	5000
1305014.0	69	3600
1305014.0	72	500
1308033.0	65	1800
1308028.0	99	0
1308011.0	72	1000
1308022.0	69	25000
1308022.0	67	8500
1308022.0	66	5000
1308022.0	65	1200
1308055.0	99	0
1308017.0	61	18000
1308017.0	72	10000
1308017.0	66	8000
1308017.0	74	6000
1308017.0	65	4000
1308017.0	67	4000
1308017.0	62	900
1308006.0	67	6000
1308006.0	69	5800
1308006.0	74	4000
1308039.0	99	0
1308044.0	69	48000
1308050.0	69	20000
1309008.0	61	250000
1309008.0	69	60000
1309008.0	68	10000
1309008.0	70	5000
1309008.0	72	5000
1309040.0	61	3000
1309040.0	69	2000
1309040.0	72	2000
1309040.0	65	600
1309027.0	66	4000
1309035.0	68	2000
1309035.0	65	500
1309029.0	61	7000
1309029.0	65	5000
1309034.0	61	10000
1309050.0	69	150000
1309050.0	70	6000
1309050.0	61	4000
1309050.0	68	3000
1309014.0	69	40000
1309014.0	68	3000
1309014.0	65	2000
1309021.0	69	60000
1309021.0	61	7000
1309047.0	61	2000
1334061.0	62	85000
1334061.0	66	75000
1334061.0	68	18000
1334079.0	63	3400000
1334079.0	61	500000
1334079.0	66	135000
1334079.0	62	120000
1334079.0	69	110000
1334069.0	99	0
1334045.0	69	225000
1334037.0	69	320000
1334037.0	70	80000
1334037.0	64	75000
1334029.0	63	400000
1334029.0	70	90000
1334029.0	61	25000
1334006.0	61	14000
1334006.0	62	6000
1334006.0	68	5000
1334053.0	99	0
1334014.0	61	26000
1334014.0	68	13000
1334063.0	69	600000
1334063.0	70	120000
1334063.0	65	35000
1335006.0	69	5500
1335006.0	63	5000
1335006.0	70	2000
1335042.0	69	35000
1335018.0	99	0
1335054.0	69	30000
1335036.0	64	22000
1335036.0	66	16000
1335036.0	65	14000
1335036.0	68	8000
1335036.0	67	5800
1335036.0	61	2500
1335036.0	70	2000
1335048.0	61	40000
1335048.0	66	14000
1335048.0	67	4000
1335048.0	68	2500
1335048.0	74	1000
1335060.0	70	60000
1335060.0	66	30000
1335060.0	65	20000
1335060.0	61	10000
1335060.0	72	5000
1335030.0	67	6000
1335012.0	69	300000
1335012.0	61	5000
1335024.0	68	7000
1336011.0	69	175000
1336011.0	68	20000
1336043.0	64	45000
1336043.0	70	35000
1336019.0	69	40000
1336019.0	68	7200
1336019.0	70	6000
1336019.0	64	5000
1336027.0	73	6000
1336027.0	74	5000
1336035.0	64	15000
1336035.0	66	15000
1336035.0	68	8000
1336035.0	73	8000
1336035.0	72	1000
1336051.0	69	100000
1336051.0	68	30000
1336051.0	70	30000
1336051.0	72	10000
1336051.0	73	10000
1336051.0	74	10000
1336003.0	61	32500
1336003.0	65	15000
1336067.0	70	60000
1336075.0	70	400000
1336075.0	61	100000
1336059.0	99	0
1337015.0	69	100000
1337015.0	70	30000
1337015.0	68	26000
1337015.0	63	20000
1337015.0	72	20000
1337008.0	63	30000
1337008.0	70	13000
1337079.0	70	36000
1337079.0	63	15000
1337037.0	70	200000
1337037.0	64	20000
1337048.0	64	4500000
1337048.0	69	1200000
1337048.0	70	500000
1337048.0	74	10000
1337003.0	75	4000000
1337003.0	63	860000
1337003.0	62	23000
1337003.0	70	20000
1337003.0	69	15000
1337003.0	67	6000
1337003.0	72	5000
1337003.0	74	5000
1337026.0	75	3000000
1337026.0	63	800000
1337026.0	69	84000
1337026.0	62	41000
1337026.0	66	28000
1337026.0	74	16000
1337026.0	65	12000
1337026.0	67	10000
1337026.0	64	8000
1337026.0	70	6000
1337026.0	72	5000
1337014.0	63	3000000
1337014.0	70	50000
1337014.0	69	24000
1337014.0	64	8000
1337014.0	74	6000
1337014.0	72	5000
1337103.0	63	60000
1337103.0	74	10000
1337103.0	70	8000
1337092.0	61	300000
1337092.0	63	120000
1337092.0	62	45000
1337092.0	70	20000
1337092.0	68	15000
1337092.0	74	5000
1338018.0	99	0
1338010.0	69	100000
1338071.0	99	0
1338003.0	69	300000
1338088.0	64	10000
1338070.0	69	45000
1338070.0	68	8000
1338070.0	61	4000
1338070.0	74	2000
1338070.0	70	1500
1338063.0	61	20000
1338063.0	68	15000
1338063.0	63	4000
1338063.0	65	600
1338063.0	62	350
1338055.0	63	500000
1338055.0	66	30000
1338055.0	67	8000
1338064.0	68	7000
1338040.0	69	120000
1338040.0	74	60000
1338040.0	61	10000
1338040.0	68	7000
1338040.0	70	7000
1281013.0	61	70000
1281035.0	69	15000
1281035.0	61	7000
1281039.0	69	5000
1281075.0	69	5000
1281075.0	74	1000
1281078.0	69	8000
1281078.0	75	2500
1281024.0	69	150000
1281024.0	73	50000
1281024.0	62	26000
1281024.0	74	20000
1281024.0	72	1000
1281056.0	62	22000
1281056.0	68	18000
1281056.0	67	16000
1281056.0	66	12000
1281056.0	74	10000
1281056.0	72	5000
1281046.0	69	90000
1281046.0	63	12000
1281046.0	74	7000
1281046.0	70	5000
1281046.0	62	3500
1281046.0	68	2500
1281067.0	63	2500
1281067.0	64	500
1281003.0	69	60000
1281003.0	68	4000
1348008.0	68	5500
1348008.0	67	3500
1348061.0	68	8500
1348077.0	65	1200
1348077.0	62	350
1348021.0	68	4000
1348003.0	99	0
1348012.0	65	400
1348024.0	68	4000
1348058.0	61	600
1348058.0	63	450
1348049.0	99	0
1348031.0	99	0
1351027.0	69	60000
1351008.0	61	195000
1351008.0	62	120000
1351008.0	64	5000
1351037.0	69	60000
1351018.0	62	40000
1351018.0	72	40000
1351018.0	64	8000
1351047.0	63	75000
1351047.0	61	45000
1351047.0	64	35000
1351047.0	68	35000
1351047.0	66	31000
1351056.0	69	345000
1351056.0	61	290000
1351056.0	63	250000
1351056.0	75	150000
1351056.0	66	125000
1351056.0	64	15000
1351066.0	63	300000
1351066.0	70	30000
1351066.0	68	12000
1351076.0	66	52000
1351076.0	69	10000
1351085.0	69	80000
1351085.0	70	30000
1351085.0	61	12000
1351085.0	68	6800
1351095.0	69	75000
1351095.0	70	20000
1351095.0	61	15000
1352076.0	65	450
1352076.0	62	350
1352067.0	69	25000
1352067.0	67	3500
1352067.0	72	1000
1352067.0	68	800
1352002.0	69	35000
1352002.0	71	8000
1352002.0	61	3000
1352002.0	68	2500
1352002.0	72	1300
1352002.0	65	300
1352011.0	72	2000
1352004.0	61	500
1352004.0	65	500
1352047.0	69	500
1352048.0	99	0
1352039.0	72	9000
1352007.0	69	12150
1352007.0	72	300
1352057.0	69	24000
1352057.0	61	1500
1352057.0	72	500
1353093.0	65	450
1353037.0	72	600
1353111.0	61	9500
1353111.0	74	300
1353121.0	62	4200
1353065.0	72	2500
1353043.0	99	0
1353125.0	68	2400
1353014.0	99	0
1353086.0	74	300
1353086.0	72	100
1353009.0	99	0
1354088.0	62	400
1354088.0	65	250
1354066.0	69	3000
1354013.0	69	2310
1354013.0	65	650
1354013.0	61	500
1354023.0	61	10000
1354083.0	69	6000
1354083.0	61	2000
1354056.0	69	6000
1354056.0	68	3800
1354056.0	61	3000
1354056.0	62	500
1354077.0	69	25500
1354077.0	68	8000
1354077.0	66	5000
1354077.0	72	4000
1354077.0	67	1000
1354002.0	99	0
1354045.0	61	2800
1354034.0	69	60000
1354034.0	66	27000
1354034.0	71	10000
1354034.0	74	10000
1354034.0	70	2000
1355064.0	70	100000
1355064.0	61	40000
1355064.0	64	30000
1355064.0	72	3000
1355070.0	65	15000
1355070.0	70	7500
1355089.0	68	30000
1355001.0	70	100000
1355001.0	69	80000
1355001.0	74	1000
1355052.0	69	120000
1355052.0	70	90000
1355052.0	72	3000
1355052.0	74	2500
1355033.0	70	100000
1355033.0	69	30000
1355033.0	72	2000
1355033.0	74	1500
1355042.0	69	80000
1355042.0	70	50000
1355042.0	74	5000
1355009.0	99	0
1355014.0	69	200000
1355005.0	69	300000
1356039.0	69	120000
1356039.0	74	1000
1356032.0	99	0
1356060.0	64	45000
1356060.0	61	5000
1356060.0	72	2000
1356053.0	64	50000
1356055.0	69	17000
1356004.0	99	0
1356011.0	69	140000
1356011.0	63	60000
1356011.0	70	20000
1356018.0	69	3500
1356025.0	63	1200000
1356026.0	65	800
1357035.0	99	0
1357032.0	99	0
1357003.0	69	1000
1357016.0	69	3000
1357002.0	69	2000
1357025.0	69	500
1357054.0	72	100
1357061.0	99	0
1357048.0	69	12000
1357029.0	99	0
1365040.0	99	0
1365031.0	61	70000
1365022.0	66	300000
1365022.0	67	9000
1365022.0	68	6000
1365013.0	63	5000
1365068.0	69	25000
1365077.0	69	60000
1365077.0	68	8000
1365077.0	74	6000
1365049.0	99	0
1365059.0	99	0
1365086.0	99	0
1365003.0	69	20000
1261034.0	70	20000
1261034.0	64	1000
1261079.0	99	0
1261056.0	99	0
1261058.0	99	0
1261090.0	69	18000
1261102.0	63	25000
1261102.0	69	21000
1261102.0	70	20000
1261023.0	65	4500
1261113.0	99	0
1261011.0	74	1000
1261045.0	74	300
1262031.0	69	80000
1262031.0	64	38000
1262009.0	69	62000
1262009.0	66	22000
1262050.0	67	7000
1262047.0	99	0
1262085.0	69	75000
1262085.0	64	30000
1262085.0	67	4000
1262082.0	72	1700
1262072.0	99	0
1262021.0	69	56000
1262021.0	70	8000
1262060.0	67	5000
1262077.0	69	100000
1262077.0	70	12000
1289080.0	99	0
1289064.0	69	40000
1289032.0	99	0
1289008.0	99	0
1289056.0	99	0
1289072.0	99	0
1289016.0	74	4000
1289016.0	62	3000
1289016.0	70	2000
1289048.0	99	0
1289024.0	99	0
1289040.0	69	17000
1289040.0	72	10000
1289040.0	68	7900
1289040.0	61	6000
1290014.0	74	50000
1290014.0	69	37000
1290014.0	66	30000
1290014.0	62	24000
1290014.0	70	10000
1290014.0	72	6000
1290014.0	61	5000
1290014.0	64	1500
1290051.0	63	200000
1290051.0	69	140000
1290051.0	70	50000
1290025.0	69	250000
1290035.0	69	300000
1290035.0	63	20000
1290035.0	70	15000
1290035.0	74	2800
1290019.0	74	15000
1290030.0	70	500000
1290030.0	69	300000
1290030.0	63	50000
1290046.0	63	130000
1290046.0	70	5000
1290041.0	69	70000
1290009.0	69	35000
1290009.0	70	18000
1290009.0	68	6500
1290009.0	74	6000
1290009.0	61	3000
1290009.0	63	2500
1290003.0	68	3500
1290003.0	74	2000
1290003.0	63	1500
1310084.0	69	22000
1310084.0	72	500
1310075.0	72	500
1310017.0	69	25000
1310017.0	68	3500
1310046.0	99	0
1310036.0	99	0
1310095.0	69	35000
1310095.0	65	2800
1310094.0	99	0
1310065.0	72	1600
1310007.0	72	2000
1310027.0	69	25000
1310027.0	72	3000
1311004.0	99	0
1311049.0	66	100
1311035.0	65	8000
1311108.0	99	0
1311123.0	69	14400
1311123.0	72	5000
1311019.0	65	500
1311046.0	68	3000
1311034.0	65	600
1311138.0	72	12000
1311138.0	71	6000
1311138.0	61	4800
1311138.0	68	4500
1311138.0	74	2000
1311138.0	69	1420
1311138.0	65	700
1311138.0	62	300
1311093.0	68	2900
1311093.0	62	2800
1311093.0	61	600
7069.0	69	21000
7069.0	61	7000
7069.0	62	800
7150.0	71	100000
7150.0	69	12000
7150.0	66	5000
7020.0	99	0
7053.0	66	6000
7053.0	68	4000
7053.0	65	1000
7004.0	61	2600
7085.0	65	600
7085.0	72	200
7134.0	69	45000
7134.0	72	2000
7036.0	69	6000
7036.0	61	1200
7036.0	65	1000
7117.0	72	500
7101.0	69	65000
7101.0	71	52000
11092.0	69	30000
11059.0	69	60000
11125.0	69	200000
11125.0	71	10000
11158.0	69	70000
11158.0	71	3000
11074.0	69	15000
11074.0	72	1000
11027.0	61	5000
11010.0	99	0
11109.0	63	20000
11109.0	70	16000
11109.0	69	12000
11109.0	72	2500
11043.0	69	87000
11043.0	72	1000
11141.0	69	10000
15076.0	99	0
15005.0	99	0
15017.0	99	0
15029.0	69	5000
15029.0	74	5000
15029.0	65	1000
15112.0	99	0
15052.0	99	0
15100.0	99	0
15088.0	99	0
15041.0	75	20000
15041.0	61	8000
15064.0	99	0
1376078.0	69	30000
1376078.0	74	5000
1376042.0	73	10000
1376042.0	74	3000
1376042.0	72	1500
1376042.0	65	600
1376066.0	69	15000
1376066.0	74	2000
1376054.0	69	8000
1376054.0	74	4500
1376115.0	65	6800
1376115.0	61	4000
1376115.0	62	350
1376091.0	99	0
1376103.0	99	0
1376006.0	68	3000
1376006.0	71	1200
1376018.0	69	6450
1376018.0	71	3400
1376030.0	71	8000
1377051.0	69	16500
1377099.0	68	500
1377057.0	69	13500
1377025.0	99	0
1377036.0	69	35000
1377036.0	72	20000
1377036.0	68	2500
1377004.0	61	4000
1377068.0	66	5500
1377068.0	67	4000
1377068.0	68	2000
1377046.0	69	15000
1377015.0	69	40000
1377089.0	74	1500
2054.0	99	0
2076.0	70	80000
2076.0	69	70000
2076.0	61	7000
2076.0	62	5000
2076.0	74	5000
2076.0	64	4000
2033.0	69	62000
2033.0	70	48000
2033.0	64	35000
2056.0	63	300000
2056.0	70	75000
2056.0	74	60000
2056.0	61	50000
2056.0	64	20000
2056.0	68	5000
2097.0	69	400000
2097.0	70	50000
2097.0	63	10000
2079.0	69	200000
2079.0	64	70000
2079.0	70	50000
2079.0	62	12000
2108.0	69	300000
2108.0	70	2000
2022.0	62	6000
2043.0	65	37000
2011.0	69	38000
2011.0	70	36000
12063.0	99	0
12026.0	69	30000
12026.0	65	1700
12033.0	99	0
12055.0	75	15000
12055.0	69	13500
12055.0	71	8000
12041.0	69	6500
12070.0	69	40000
12070.0	75	10000
12048.0	75	65000
12048.0	71	4000
12048.0	61	3000
12048.0	69	1600
12004.0	66	5000
12011.0	61	10000
12011.0	69	5000
12011.0	68	3500
12011.0	62	550
12018.0	69	5700
12018.0	65	650
12018.0	71	600
1370021.0	66	400
1370089.0	99	0
1370060.0	66	12000
1370040.0	66	15000
1370001.0	62	22000
1370001.0	70	5000
1370070.0	99	0
1370030.0	99	0
1370050.0	72	200
1370079.0	99	0
1370011.0	99	0
29011.0	69	35000
29095.0	75	5000
29095.0	69	4700
29015.0	69	900
29038.0	75	108000
29038.0	69	15000
29083.0	75	1200
29026.0	75	90000
29026.0	69	45000
29026.0	63	6000
29106.0	75	25000
29106.0	63	9000
29072.0	99	0
29049.0	69	400
29061.0	73	25000
29061.0	69	7000
43022.0	99	0
43033.0	75	60000
43011.0	75	3500
43044.0	75	30000
43044.0	69	1300
43099.0	69	4000
43088.0	99	0
43110.0	69	1500
43077.0	69	5250
43055.0	69	6120
43066.0	75	15000
1383029.0	99	0
1383138.0	99	0
1383123.0	99	0
1383154.0	69	36000
1383013.0	99	0
1383045.0	69	3500
1383060.0	99	0
1383107.0	99	0
1383091.0	69	50000
1383091.0	75	5000
1383076.0	69	12000
1384133.0	69	15000
1384072.0	99	0
1384002.0	99	0
1384115.0	69	15000
1384086.0	61	8000
1384086.0	75	3500
1384129.0	75	9000
1384101.0	99	0
1384030.0	61	5000
1384044.0	69	100000
1384016.0	65	600
28079.0	69	40000
28101.0	75	5000
28090.0	75	3000
28090.0	69	2400
28002.0	69	2000
28014.0	99	0
28036.0	99	0
28003.0	69	45350
28047.0	69	12000
28047.0	75	2450
28047.0	72	200
28057.0	69	20000
28057.0	75	10000
28062.0	72	1000
28062.0	75	1000
139060.0	75	60000
139060.0	69	2500
139057.0	69	4000
139030.0	61	21000
139030.0	75	6000
139030.0	74	3000
139030.0	72	2000
139030.0	69	1500
139030.0	66	900
139030.0	65	600
139043.0	61	30000
139043.0	75	10000
139043.0	71	5000
139043.0	72	5000
139043.0	65	2000
139043.0	74	2000
139043.0	69	1500
139043.0	66	700
139016.0	99	0
139044.0	69	100000
139044.0	75	30000
139050.0	99	0
139033.0	69	150000
139033.0	61	50000
139033.0	75	20000
139033.0	71	1540
139033.0	66	1000
139010.0	99	0
139023.0	69	30000
140011.0	61	27000
140011.0	75	24000
140011.0	69	22900
140011.0	65	7000
140017.0	75	22000
140017.0	69	20000
140017.0	61	12000
140042.0	75	24000
140042.0	69	1000
140042.0	71	500
140030.0	69	20000
140036.0	69	30000
140036.0	75	1000
140033.0	61	90000
140033.0	75	10000
140033.0	71	500
140033.0	65	300
140033.0	66	300
140055.0	69	70000
140044.0	99	0
140049.0	69	25000
140002.0	75	30000
140002.0	61	2000
140002.0	66	700
141093.0	69	60000
141045.0	75	3000
141009.0	72	80000
141009.0	69	50000
141118.0	99	0
141033.0	99	0
141021.0	99	0
141081.0	69	27000
141081.0	75	10000
141081.0	71	8300
141081.0	73	500
141081.0	72	100
141069.0	75	10000
141069.0	73	1500
141069.0	72	600
141069.0	71	212
141087.0	71	6000
141087.0	72	1000
141105.0	99	0
146012.0	69	12000
146027.0	69	9000
146016.0	75	2000
146064.0	69	18000
146064.0	75	2000
146009.0	69	100000
146009.0	75	3000
146037.0	69	3000
146037.0	75	2000
146037.0	65	300
146055.0	67	3000
146055.0	61	1400
146055.0	75	300
146083.0	69	80000
146073.0	99	0
146079.0	69	60000
147053.0	69	1000
147053.0	71	500
147053.0	74	500
147053.0	72	400
147053.0	75	200
147021.0	99	0
147020.0	99	0
147009.0	69	7000
147013.0	99	0
147066.0	63	2800
147066.0	71	2000
147066.0	75	2000
147066.0	69	1500
147066.0	72	1200
147066.0	73	600
147066.0	74	300
147030.0	75	10000
147030.0	69	150
147030.0	72	100
147040.0	75	20000
147040.0	69	10000
147040.0	72	300
147046.0	61	18000
147046.0	75	3000
147046.0	69	1500
147046.0	66	500
147051.0	75	6000
147051.0	69	2000
53018.0	75	6000
53018.0	69	1500
53024.0	75	2000
53024.0	69	150
53024.0	72	100
53005.0	69	14000
53005.0	75	3000
53011.0	75	15000
53011.0	69	4150
53042.0	69	1000
53036.0	69	1500
53030.0	69	5850
53055.0	61	13700
53055.0	68	3000
53055.0	65	500
53061.0	69	30000
53049.0	69	70000
53049.0	67	18000
62012.0	99	0
62072.0	99	0
62092.0	69	5000
62022.0	75	36000
62022.0	73	12000
62089.0	69	115700
62089.0	75	36000
62089.0	71	30000
62089.0	72	4000
62089.0	70	1200
62082.0	99	0
62002.0	99	0
62042.0	75	25000
62042.0	72	1000
62052.0	75	500
62062.0	75	5000
62062.0	72	500
1385027.0	99	0
1385002.0	75	2000
1385015.0	75	10000
1385015.0	72	4000
1385039.0	69	66000
1385063.0	99	0
1385075.0	99	0
1385051.0	99	0
1385111.0	99	0
1385087.0	69	18400
1385099.0	69	10000
1386029.0	99	0
1386036.0	63	6000
1386036.0	69	6000
1386016.0	99	0
1386060.0	69	5000
1386060.0	72	500
1386049.0	70	100000
1386049.0	69	60000
1386055.0	99	0
1386062.0	75	25000
1386062.0	69	15000
1386010.0	69	38000
1386010.0	65	400
1386003.0	69	18000
1386023.0	99	0
1387085.0	99	0
1387046.0	99	0
1387061.0	99	0
1387030.0	72	4000
1387154.0	69	17050
1387123.0	99	0
1387108.0	75	60000
1387108.0	71	20000
1387108.0	72	1500
1387015.0	61	7500
1387015.0	69	3000
1387015.0	75	1000
1387139.0	99	0
1387092.0	75	1500
1387092.0	72	1000
1387092.0	71	700
1388073.0	69	90000
1388073.0	66	12000
1388073.0	61	3000
1388056.0	69	8100
1388027.0	69	181000
1388041.0	99	0
1388012.0	69	60000
1388049.0	99	0
1388034.0	69	500
1388063.0	69	2500
1388063.0	75	1000
1388019.0	69	15000
1388005.0	69	5000
56009.0	69	2700
56017.0	69	7000
56017.0	75	2000
56035.0	69	1000
56088.0	99	0
56079.0	99	0
56070.0	99	0
56044.0	75	2000
56044.0	72	1000
56053.0	75	1000
56053.0	72	120
56026.0	71	3200
56026.0	69	2000
56026.0	75	450
56061.0	75	2500
1389041.0	61	10000
1389041.0	67	4500
1389060.0	69	5000
1389029.0	61	7350
1389035.0	67	6000
1389005.0	68	2500
1389017.0	72	1000
1389047.0	99	0
1389011.0	99	0
1389050.0	69	1600
1389054.0	99	0
112055.0	69	7000
112081.0	69	9000
112068.0	69	1000
112043.0	99	0
112030.0	69	1000
112005.0	69	8000
112018.0	69	20000
112018.0	73	9000
112105.0	75	3000
112105.0	69	150
112093.0	75	6000
112093.0	69	900
112118.0	75	5000
112118.0	69	3200
113045.0	99	0
113036.0	99	0
113054.0	69	10000
113071.0	69	1000
113079.0	69	2000
113028.0	75	1000
113001.0	75	10000
113001.0	69	6800
113019.0	69	15000
113019.0	75	2000
113062.0	99	0
113002.0	75	30000
113002.0	69	1050
1394020.0	69	70000
1394027.0	69	1500
1394013.0	99	0
1394007.0	99	0
1394053.0	69	2000
1394066.0	75	6000
1394066.0	71	3600
1394066.0	68	3500
1394066.0	69	3000
1394066.0	61	2000
1394066.0	65	2000
1394066.0	72	1000
1394060.0	69	11200
1394047.0	99	0
1394046.0	69	5000
1394040.0	69	2000
1395029.0	61	38000
1395033.0	99	0
1395014.0	69	4500
1395009.0	74	500
1395019.0	69	82500
1395005.0	99	0
1395048.0	75	4000
1395038.0	75	7000
1395038.0	69	1000
1395043.0	75	10000
1395043.0	69	800
1395024.0	69	20000
1397006.0	99	0
1397025.0	69	2000
1397065.0	69	8260
1397045.0	69	15000
1397035.0	69	8000
1397015.0	69	2000
1397075.0	99	0
1397085.0	75	50000
1397085.0	69	13000
1397095.0	75	3000
1397095.0	69	2000
1397055.0	99	0
1399057.0	99	0
1399073.0	69	12000
1399049.0	75	6000
1399025.0	69	20000
1399009.0	69	7000
1399009.0	67	5000
1399002.0	99	0
1399017.0	69	28000
1399033.0	75	2000
1399041.0	75	3000
1399065.0	69	24000
1400115.0	69	100000
1400115.0	67	28000
1400057.0	69	15000
1400129.0	69	10000
1400102.0	69	28000
1400076.0	99	0
1400089.0	69	15000
1400089.0	75	4000
1400089.0	71	3000
1400022.0	75	8000
1400049.0	69	94000
1400049.0	75	17000
1400002.0	75	10000
1400002.0	69	7000
1400042.0	99	0
1401023.0	99	0
1401049.0	69	5000
1401001.0	69	1000
1401053.0	99	0
1401046.0	99	0
1401068.0	75	3000
1401068.0	69	1000
1401075.0	75	4000
1401038.0	69	10000
1401016.0	69	15000
1401008.0	69	900
1402085.0	69	21000
1402122.0	65	22000
1402122.0	68	5400
1402122.0	67	5000
1402110.0	68	8500
1402110.0	69	5100
1402073.0	99	0
1402024.0	99	0
1402012.0	75	50000
1402012.0	69	20000
1402061.0	69	86000
1402098.0	99	0
1402049.0	99	0
1402037.0	99	0
94064.0	69	200000
94064.0	75	54000
94064.0	71	24000
94073.0	69	4400
94073.0	71	3700
94081.0	69	60000
94005.0	69	28000
94030.0	99	0
94013.0	69	2500
94039.0	75	10000
94047.0	75	100000
94018.0	99	0
94056.0	75	90000
1398055.0	69	30000
1398038.0	99	0
1398046.0	61	7000
1398046.0	69	7000
1398012.0	99	0
1398029.0	99	0
1398003.0	75	5000
1398020.0	99	0
1398081.0	69	86000
1398081.0	75	6000
1398081.0	70	2500
1398072.0	74	500
1398063.0	69	100000
1398063.0	70	3650
137036.0	99	0
137071.0	69	13000
137080.0	69	9000
137080.0	74	3000
137080.0	61	2000
137080.0	65	500
137027.0	71	1600
137054.0	72	500
137054.0	65	400
137054.0	61	200
137009.0	71	800
137045.0	69	200
137062.0	99	0
137018.0	69	12000
137089.0	73	30000
137089.0	69	20000
137089.0	71	5000
137089.0	72	3000
138021.0	72	3000
138021.0	62	1000
138044.0	69	35000
138044.0	68	2000
138044.0	72	500
138068.0	69	15000
138068.0	65	480
138068.0	71	250
138056.0	69	112000
138107.0	99	0
138103.0	99	0
138080.0	69	40000
138080.0	63	4000
138080.0	74	2500
138080.0	75	2000
138091.0	99	0
138032.0	69	1000
138032.0	71	300
138009.0	74	24000
138009.0	69	4000
1405084.0	99	0
1405011.0	69	1800
1405011.0	68	1000
1405075.0	99	0
1405002.0	69	70000
1405002.0	74	5000
1405038.0	99	0
1405066.0	65	3800
1405066.0	61	1200
1405048.0	61	4000
1405048.0	62	350
1405029.0	69	100000
1405029.0	65	2500
1405020.0	61	2800
1405020.0	67	2500
1405020.0	68	2500
1405020.0	62	250
1405057.0	99	0
1406089.0	69	6000
1406089.0	74	1500
1406079.0	72	7000
1406079.0	68	2000
1406079.0	66	1400
1406079.0	65	550
1406079.0	62	350
1406079.0	61	150
1406069.0	62	4000
1406029.0	66	18000
1406099.0	69	12000
1406099.0	61	7000
1406099.0	73	500
1406019.0	61	1000
1406009.0	69	96000
1406049.0	61	3000
1406039.0	99	0
1406085.0	69	16500
1406085.0	74	3000
1407084.0	99	0
1407094.0	69	500
1407054.0	61	4500
1407054.0	69	300
1407074.0	99	0
1407044.0	99	0
1407064.0	99	0
1407024.0	99	0
1407014.0	68	600
1407034.0	99	0
1407004.0	74	500
1408013.0	66	6500
1408013.0	69	3150
1408013.0	68	3000
1408013.0	67	2500
1408013.0	63	2000
1408086.0	68	20000
1408086.0	72	20000
1408086.0	66	17800
1408086.0	74	5000
1408086.0	69	4000
1408086.0	61	3000
1408068.0	68	4800
1408068.0	61	2000
1408059.0	68	2500
1408059.0	69	1000
1408077.0	99	0
1408004.0	69	6000
1408004.0	72	4500
1408004.0	68	3500
1408022.0	72	10000
1408022.0	69	1500
1408031.0	99	0
1408040.0	75	200000
1408040.0	61	45000
1408040.0	69	30000
1408040.0	62	25000
1408040.0	70	18000
1408050.0	69	7500
1408050.0	68	5000
1408050.0	61	4200
1408050.0	74	1000
1409034.0	75	600
1409027.0	66	10000
1409027.0	70	4000
1409027.0	61	3000
1409027.0	71	500
1409042.0	63	7000
1409042.0	68	2500
1409050.0	99	0
1409003.0	99	0
1409056.0	61	500
1409011.0	66	8000
1409011.0	67	4500
1409019.0	70	70000
1409019.0	69	10000
1409019.0	68	2500
1409037.0	70	50000
1409037.0	69	30000
1409037.0	63	3500
1409037.0	64	1500
1409073.0	65	4500
1410061.0	69	20000
1410075.0	62	4500
1410018.0	69	24600
1410018.0	74	20000
1410018.0	65	700
1410005.0	69	36000
1410103.0	99	0
1410089.0	69	30000
1410089.0	70	3000
1410089.0	74	1000
1410132.0	99	0
1410117.0	67	700
1410117.0	68	500
1410046.0	99	0
1410083.0	61	900
1411044.0	69	18000
1411066.0	68	2000
1411033.0	99	0
1411055.0	68	1500
1411055.0	72	100
1411077.0	69	4500
1411077.0	71	600
1411077.0	72	100
1411022.0	69	21000
1411022.0	61	4000
1411022.0	68	1500
1411022.0	66	400
1411022.0	65	200
1411011.0	69	15000
1411082.0	69	20000
1411082.0	75	5000
1411082.0	71	1100
1411099.0	69	30000
1411110.0	61	10000
1411110.0	69	2000
1411110.0	62	250
1412059.0	99	0
1412032.0	99	0
1412046.0	69	300000
1412046.0	68	30000
1412087.0	62	70000
1412087.0	70	12070
1412087.0	65	10000
1412087.0	69	10000
1412087.0	66	8000
1412087.0	74	5000
1412087.0	67	4000
1412100.0	62	35000
1412114.0	64	1500
1412128.0	99	0
1412073.0	99	0
1412018.0	61	10000
1412004.0	69	40000
1412004.0	61	15000
1412004.0	66	8000
1412004.0	65	2000
1413004.0	66	5000
1413004.0	62	1000
1413026.0	69	1800
1413026.0	74	300
1413037.0	69	10000
1413102.0	69	12000
1413048.0	69	70000
1413015.0	69	15000
1413080.0	62	300
1413058.0	75	1800000
1413058.0	69	800000
1413058.0	70	20000
1413058.0	68	6000
1413058.0	72	5000
1413069.0	74	200
1413096.0	69	80000
1413096.0	70	30000
1413096.0	61	20000
1414183.0	69	40000
1414183.0	61	6000
1414136.0	70	20000
1414136.0	72	15000
1414160.0	69	70000
1414160.0	72	2000
1414160.0	68	250
1414169.0	99	0
1414231.0	69	60000
1414231.0	70	20000
1414017.0	69	120000
1414017.0	63	10000
1414017.0	62	5000
1414194.0	66	6500
1414194.0	65	4900
1414112.0	63	4000
1414041.0	69	25000
1414089.0	69	150000
1414089.0	70	50000
1414089.0	63	2500
275010.0	99	0
275043.0	99	0
275026.0	69	10000
275075.0	69	1800
275059.0	69	650
275158.0	69	2200
275092.0	99	0
275142.0	69	90000
275142.0	70	10500
275142.0	62	500
275135.0	99	0
275109.0	99	0
1483036.0	61	3800
1483036.0	75	2600
1483026.0	69	70000
1483046.0	69	5000
1483006.0	99	0
1483016.0	69	15000
1483066.0	69	500
1483096.0	69	30000
1483096.0	74	200
1483056.0	99	0
1483086.0	69	500
1483076.0	99	0
1484085.0	99	0
1484096.0	69	50000
1484106.0	69	15000
1484011.0	69	35000
1484053.0	69	4800
1484075.0	69	60000
1484064.0	69	30400
1484022.0	62	3500
1484032.0	69	2700
1484032.0	68	2000
1484032.0	61	1000
1484043.0	69	50000
1485035.0	99	0
1485081.0	99	0
1485116.0	99	0
1485070.0	69	5000
1485070.0	74	1500
1485046.0	69	10000
1485030.0	99	0
1485104.0	99	0
1485012.0	99	0
1485023.0	69	6000
1485058.0	69	40000
1486054.0	99	0
1486116.0	99	0
1486079.0	69	4500
1486067.0	99	0
1486092.0	99	0
1486005.0	69	10000
1486104.0	69	7000
1486042.0	99	0
1486030.0	99	0
1486017.0	69	10000
1487039.0	70	2500
1487039.0	69	2000
1487001.0	63	600000
1487001.0	61	30000
1487001.0	70	27000
1487001.0	68	5000
1487026.0	61	2000
1487026.0	69	1200
1487014.0	64	30000
1487014.0	61	25000
1487014.0	62	25000
1487014.0	66	25000
1487014.0	70	9000
1487115.0	69	100000
1487115.0	64	39000
1487103.0	69	30000
1487091.0	69	6000
1487052.0	74	500
1487065.0	99	0
1487079.0	70	50000
1487079.0	69	5000
1487079.0	74	1000
1488005.0	72	80000
1488016.0	69	3000
1488064.0	69	50000
1488052.0	69	80000
1488052.0	61	10000
1488075.0	99	0
1488099.0	70	2160
1488028.0	66	11000
1488028.0	65	2800
1488111.0	69	20000
1488111.0	70	1500
1488040.0	62	1000
1488087.0	61	2000
1488087.0	62	350
1489054.0	99	0
1489042.0	99	0
1489017.0	69	30000
1489115.0	69	1200
1489091.0	99	0
1489103.0	69	4800
1489103.0	74	500
1489066.0	69	50000
1489029.0	69	1500
1489079.0	69	20000
1489005.0	99	0
1490067.0	99	0
1490113.0	99	0
1490076.0	75	10000
1490042.0	69	2500
1490084.0	99	0
1490016.0	99	0
1490008.0	68	1500
1490008.0	69	1000
1490033.0	69	60000
1490050.0	69	2000
1490025.0	99	0
290018.0	69	10000
290045.0	69	500
290009.0	75	2500
290013.0	75	1500
290012.0	74	600
290029.0	69	3000
290008.0	69	16800
290048.0	69	500
290001.0	99	0
290007.0	69	1500
291054.0	71	15000
291039.0	68	2000
291021.0	71	5000
291057.0	61	13000
291057.0	66	9000
291057.0	68	2000
291057.0	73	1501
291025.0	99	0
291032.0	69	500
291068.0	61	1000
291017.0	69	2000
291047.0	99	0
291010.0	69	20000
1495019.0	70	20000
1495019.0	61	14000
1495019.0	69	8000
1495019.0	67	5000
1495019.0	63	3000
1495097.0	99	0
1495110.0	69	5000
1495032.0	99	0
1495045.0	69	29000
1495045.0	66	12200
1495084.0	69	150000
1495084.0	71	10000
1495006.0	69	9600
1495071.0	69	5000
1495123.0	99	0
1495058.0	99	0
1496056.0	99	0
1496050.0	69	5000
1496063.0	69	10000
1496018.0	61	4000
1496024.0	69	1000
1496031.0	99	0
1496037.0	99	0
1496042.0	70	12000
1496042.0	61	3500
1496011.0	69	2000
1496005.0	69	1500
1497007.0	99	0
1497062.0	65	10705
1497062.0	69	5000
1497062.0	72	1000
1497062.0	61	300
1497048.0	99	0
1497034.0	69	50000
1497034.0	68	20000
1497034.0	75	15000
1497020.0	75	50000
1497020.0	69	20000
1497020.0	66	500
1497069.0	69	10000
1497006.0	69	10000
1497041.0	99	0
1497055.0	61	10000
1497013.0	69	16000
1498032.0	69	10000
1498055.0	99	0
1498069.0	99	0
1498010.0	99	0
1498040.0	69	3000
1498018.0	68	3000
1498018.0	69	3000
1498018.0	63	300
1498025.0	69	80000
1498025.0	70	20000
1498047.0	69	5000
1498003.0	69	60000
1498062.0	69	5600
348046.0	71	2500
348041.0	69	7000
348041.0	61	2300
348041.0	71	1355
348041.0	72	680
348041.0	74	400
348041.0	66	350
348001.0	71	1480
348001.0	72	120
348016.0	61	10000
348016.0	68	6000
348016.0	75	3600
348016.0	65	2000
348026.0	99	0
348031.0	99	0
348006.0	69	3000
348006.0	61	2000
348006.0	74	2000
348006.0	71	1500
348006.0	75	1000
348006.0	65	800
348011.0	61	500
348013.0	99	0
348036.0	75	1000
348036.0	61	600
348036.0	65	600
348036.0	71	600
358019.0	99	0
358004.0	99	0
358042.0	99	0
358061.0	61	200
358061.0	72	200
358012.0	65	2400
358012.0	61	500
358012.0	72	200
358012.0	71	190
358012.0	68	155
358027.0	69	3000
358027.0	72	2000
358027.0	71	1500
358015.0	69	12000
358015.0	72	10000
358015.0	75	6000
358015.0	61	1000
358015.0	73	600
358015.0	65	200
358038.0	69	5000
358038.0	71	3000
358038.0	68	2500
358038.0	65	800
358038.0	61	380
358035.0	68	10000
358035.0	75	5000
358035.0	71	1500
358035.0	73	1200
358035.0	61	1000
358035.0	65	600
358053.0	69	28000
358053.0	75	3000
358053.0	65	2400
358053.0	74	800
358053.0	73	750
358053.0	71	600
1503031.0	64	25000
1503031.0	69	22000
1503031.0	71	15300
1503031.0	61	15000
1503031.0	66	12000
1503031.0	62	11000
1503031.0	72	1000
1503031.0	65	450
1503081.0	69	7000
1503081.0	61	6000
1503061.0	99	0
1503091.0	61	2200
1503091.0	62	600
1503071.0	99	0
1503051.0	69	800
1503051.0	65	650
1503051.0	62	150
1503011.0	69	3600
1503021.0	69	27000
1503041.0	62	1800
1503041.0	65	1000
1503001.0	72	6000
1503001.0	69	3000
1504073.0	70	20000
1504022.0	69	35000
1504002.0	68	2500
1504032.0	70	20000
1504032.0	69	15000
1504032.0	63	10000
1504010.0	68	4500
1504086.0	70	5000
1504083.0	70	20000
1504042.0	74	300
1504063.0	99	0
1504052.0	70	50000
1504052.0	69	15000
1504052.0	71	700
1504052.0	74	400
1507028.0	99	0
1507010.0	66	3500
1507010.0	65	2000
1507035.0	99	0
1507054.0	69	1000
1507042.0	69	50000
1507056.0	69	6000
1507004.0	99	0
1507016.0	99	0
1507023.0	66	6000
1507029.0	62	400
1507029.0	61	300
1508031.0	99	0
1508055.0	61	20000
1508050.0	65	200
1508063.0	99	0
1508025.0	99	0
1508012.0	99	0
1508018.0	99	0
1508006.0	99	0
1508044.0	69	2000
1508037.0	99	0
1512001.0	69	20000
1512001.0	74	2000
1512016.0	99	0
1512014.0	99	0
1512020.0	69	3000
1512007.0	69	5000
1512003.0	70	7000
1512003.0	69	1500
1512018.0	69	13000
1512012.0	69	60000
1512012.0	70	20000
1512009.0	99	0
1512005.0	70	20000
1512005.0	74	5000
330074.0	99	0
330028.0	69	16000
330046.0	69	1500
330037.0	69	1200
330064.0	69	7000
330018.0	99	0
330009.0	70	20000
330009.0	69	16000
330055.0	69	60000
330092.0	69	20000
330083.0	69	1000
1500015.0	65	550
1500005.0	61	700
1500005.0	65	500
1500064.0	99	0
1500025.0	61	6000
1500025.0	70	4800
1500084.0	99	0
1500074.0	71	20000
1500074.0	69	10000
1500044.0	99	0
1500054.0	99	0
1500035.0	70	1500
1500094.0	69	20000
391043.0	69	1690
391029.0	99	0
391016.0	69	4000
391121.0	69	30000
391095.0	69	200000
391108.0	69	3000
391003.0	69	2000
391056.0	69	1800
391082.0	99	0
391069.0	69	1500
392007.0	69	65000
392007.0	68	3000
392007.0	72	1000
392007.0	65	700
392007.0	74	500
392103.0	66	10000
392103.0	74	5000
392103.0	67	4000
392043.0	71	7000
392043.0	68	4000
392043.0	69	500
392043.0	72	200
392068.0	71	1500
392068.0	74	100
392011.0	69	15000
392011.0	74	2000
392011.0	71	600
392012.0	74	1000
392072.0	69	30000
392072.0	72	16000
392072.0	74	2000
392091.0	99	0
392079.0	74	4000
392079.0	69	1000
392079.0	65	380
392079.0	72	200
392019.0	73	5000
392019.0	74	3000
392019.0	68	2500
392019.0	69	1000
385039.0	99	0
385097.0	99	0
385085.0	69	40000
385014.0	73	500
385108.0	69	750
385050.0	69	600
385062.0	69	12000
385004.0	69	29000
385004.0	72	100
385027.0	69	2000
385016.0	69	5000
385016.0	74	1000
386053.0	69	70000
386035.0	99	0
386004.0	99	0
386076.0	69	17000
386002.0	69	18000
386002.0	72	300
386068.0	69	3000
386060.0	69	10000
386016.0	69	5000
386039.0	74	200
386027.0	69	600
401104.0	99	0
401141.0	69	10000
401141.0	74	1000
401141.0	72	900
401123.0	75	70000
401123.0	71	50000
401123.0	69	30000
401040.0	75	100000
401040.0	69	40000
401040.0	71	40000
401008.0	69	100000
401008.0	74	1500
401008.0	72	1000
401138.0	99	0
401056.0	69	14000
401056.0	74	2000
401056.0	72	500
401072.0	74	2000
401119.0	69	13000
401119.0	68	2000
401001.0	71	10000
401001.0	68	3000
417081.0	69	10000
417020.0	74	200
417020.0	72	100
417027.0	69	37000
417027.0	74	200
417102.0	99	0
417092.0	69	8000
417019.0	69	2500
417019.0	72	200
417019.0	74	200
417071.0	69	50000
417051.0	71	700
417061.0	71	3000
417061.0	69	400
417050.0	69	17000
417050.0	68	2800
1525114.0	69	100000
1525114.0	70	30000
1525114.0	63	2000
1525002.0	69	50000
1525047.0	99	0
1525106.0	71	30000
1525106.0	69	5000
1525106.0	68	2500
1525136.0	70	10000
1525017.0	74	250
1525076.0	99	0
1525032.0	74	500
1525091.0	69	100000
1525062.0	99	0
1526013.0	70	2200
1526065.0	69	24000
1526065.0	70	12001
1526032.0	69	120000
1526032.0	68	4000
1526083.0	69	200000
1526083.0	61	4000
1526083.0	68	1700
1526075.0	69	90000
1526075.0	67	5000
1526011.0	69	500000
1526011.0	70	20000
1526011.0	68	9600
1526064.0	66	15000
1526064.0	68	10000
1526064.0	67	3500
1526064.0	61	2700
1526106.0	69	50000
1526043.0	69	600000
1526043.0	70	15000
1526085.0	99	0
1531047.0	99	0
1531141.0	99	0
1531140.0	99	0
1531024.0	99	0
1531083.0	99	0
1531068.0	99	0
1531053.0	69	5000
1531010.0	99	0
1531039.0	99	0
1531097.0	69	10000
1531097.0	74	1000
1532006.0	69	8000
1532006.0	66	6000
1532041.0	74	200
1532019.0	69	35400
1532019.0	61	22000
1532019.0	74	10000
1532033.0	74	1000
1532028.0	69	6000
1532028.0	74	200
1532015.0	69	8000
1532015.0	74	3000
1532011.0	69	15000
1532002.0	99	0
1532024.0	69	20000
1532024.0	72	500
1532037.0	69	30000
1533130.0	73	10000
1533130.0	74	500
1533014.0	69	27000
1533014.0	66	7000
1533150.0	99	0
1533019.0	74	30000
1533019.0	69	21300
1533089.0	69	7500
1533089.0	74	500
1533001.0	99	0
1533008.0	62	55000
1533068.0	68	2000
1533109.0	69	19000
1533007.0	69	1500
504019.0	69	700
504032.0	99	0
504059.0	69	15000
504017.0	68	3000
504017.0	65	350
504035.0	99	0
504043.0	70	20000
504043.0	74	1000
504043.0	72	500
504027.0	74	500
504051.0	69	50000
504051.0	72	30000
504051.0	74	20000
504051.0	66	7000
504051.0	67	3500
504051.0	70	2500
504011.0	99	0
504067.0	69	600
504067.0	74	500
1539067.0	69	23000
1539029.0	99	0
1539037.0	99	0
1539026.0	69	200000
1539026.0	70	10000
1539053.0	67	7000
1539053.0	74	5000
1539053.0	68	4500
1539053.0	69	2000
1539053.0	72	500
1539052.0	69	50000
1539042.0	70	15000
1539042.0	69	10000
1539042.0	71	5000
1539032.0	69	70000
1539072.0	99	0
1539001.0	74	4000
1539001.0	68	1200
1540054.0	69	80000
1540054.0	74	500
1540001.0	99	0
1540059.0	69	25500
1540059.0	61	18000
1540059.0	66	17000
1540059.0	67	12000
1540059.0	68	12000
1540059.0	62	4670
1540086.0	69	15000
1540033.0	69	1500
1540022.0	99	0
1540076.0	99	0
1540044.0	69	1200
1540065.0	69	50000
1540011.0	99	0
1649041.0	69	18000
1649063.0	69	17200
1649063.0	66	11000
1649063.0	72	500
1649005.0	99	0
1649049.0	99	0
1649070.0	99	0
1649056.0	69	5400
1649034.0	69	7000
1649012.0	69	22000
1649027.0	69	6750
1649019.0	99	0
1650029.0	69	5100
1650061.0	69	1800
1650072.0	69	500
1650050.0	69	10600
1650107.0	99	0
1650018.0	69	2400
1650093.0	69	1200
1650083.0	69	3600
1650104.0	99	0
1650039.0	99	0
794141.0	69	5000
794127.0	69	35000
794027.0	69	195000
794041.0	69	24000
794070.0	69	49000
794070.0	70	20000
794070.0	71	5000
794013.0	69	25000
794056.0	69	43000
794084.0	72	150
794112.0	99	0
794086.0	99	0
805053.0	69	21000
805003.0	69	1300
805033.0	69	15000
805058.0	99	0
805023.0	69	60000
805013.0	69	45000
805043.0	69	26000
805041.0	69	17000
805063.0	69	1200
805093.0	73	60000
805093.0	61	15000
805093.0	72	10000
805093.0	75	10000
805093.0	71	1000
806020.0	69	1800
806012.0	69	600
806029.0	69	1000
806036.0	69	270
806069.0	99	0
806004.0	69	400
806023.0	99	0
806028.0	69	14000
806006.0	99	0
806044.0	99	0
1651064.0	69	11400
1651020.0	69	6000
1651042.0	99	0
1651085.0	99	0
1651107.0	99	0
1651129.0	99	0
1651150.0	69	60000
1651172.0	99	0
1651194.0	99	0
1651215.0	69	57000
1652016.0	69	20000
1652016.0	72	2000
1652016.0	74	2000
1652075.0	69	21000
1652008.0	72	12000
1652008.0	61	5000
1652005.0	69	17400
1652083.0	69	95900
1652024.0	99	0
1652033.0	69	4500
1652041.0	99	0
1652058.0	69	90000
1652050.0	69	38000
1653025.0	69	56000
1653010.0	69	12000
1653145.0	99	0
1653130.0	69	6500
1653055.0	99	0
1653100.0	99	0
1653115.0	61	3000
1653040.0	99	0
1653085.0	99	0
1653070.0	69	11000
1654050.0	69	75000
1654028.0	99	0
1654005.0	69	21000
1654007.0	69	18000
1654080.0	99	0
1654065.0	69	13000
1654110.0	99	0
1654095.0	69	39000
1654035.0	69	4000
1654035.0	61	500
1654020.0	99	0
1655119.0	69	60000
1655063.0	69	6900
1655035.0	61	460
1655077.0	99	0
1655021.0	69	9000
1655007.0	61	2000
1655091.0	69	4500
1655105.0	69	46500
1655133.0	99	0
1655049.0	99	0
1656026.0	99	0
1656012.0	69	9400
1656012.0	72	100
1656039.0	99	0
1656053.0	69	16050
1656117.0	61	2000
1656133.0	69	30000
1656120.0	69	1200
1656079.0	69	46000
1656079.0	71	33000
1656079.0	70	6000
1656066.0	99	0
1656093.0	69	36000
1123055.0	69	900
1123055.0	72	50
1123067.0	69	9000
1123067.0	72	400
1123103.0	69	4000
1123079.0	69	3000
1123114.0	71	50000
1123114.0	69	20000
1123091.0	69	600
1123031.0	69	100000
1123089.0	71	15000
1123089.0	69	1200
1123025.0	69	900
1123025.0	71	600
1123043.0	69	1350
1743016.0	69	400000
1743057.0	69	7000
1743049.0	69	10000
1743066.0	65	2000
1743066.0	62	300
1743074.0	99	0
1743008.0	99	0
1743082.0	69	48000
1743082.0	71	25000
1743082.0	61	16000
1743025.0	99	0
1743040.0	69	270
1743033.0	69	24000
1744056.0	99	0
1744027.0	61	15000
1744027.0	68	5800
1744027.0	65	4000
1744027.0	70	3840
1744027.0	72	2500
1744034.0	99	0
1744070.0	69	7800
1744005.0	69	25000
1744063.0	99	0
1744019.0	69	6000
1744041.0	69	130000
1744048.0	99	0
1744012.0	99	0
842098.0	74	10000
842098.0	69	6000
842007.0	99	0
842033.0	66	8000
842033.0	67	3500
842033.0	65	3000
842033.0	72	1000
842085.0	69	3000
842111.0	69	30000
842049.0	99	0
842020.0	66	14000
842072.0	66	8000
842072.0	67	3000
842072.0	65	2500
842125.0	69	22000
842059.0	65	2000
1661009.0	69	9650
1661009.0	66	6000
1661009.0	67	2700
1661029.0	74	200
1661049.0	99	0
1661056.0	66	6000
1661056.0	68	4000
1661003.0	99	0
1661007.0	69	80000
1661007.0	72	1500
1661007.0	74	500
1661062.0	63	3000
1661062.0	65	250
1661062.0	72	100
1661042.0	69	78000
1661042.0	73	70000
1661016.0	74	300
1661023.0	69	30000
843083.0	69	100000
843083.0	74	3500
843122.0	69	30000
843122.0	68	3000
843122.0	72	2000
843005.0	73	5000
843005.0	69	3900
843018.0	69	3800
843018.0	74	800
843070.0	69	242000
843031.0	69	85000
843057.0	99	0
843019.0	69	120000
843019.0	70	20000
843019.0	68	8000
843019.0	67	5000
843044.0	63	100000
843044.0	69	76500
843044.0	70	36000
843096.0	69	1600000
843096.0	75	35000
843096.0	61	7000
843096.0	67	3500
849078.0	69	200000
849078.0	75	60000
849078.0	71	20000
849058.0	99	0
849048.0	69	2060
849068.0	69	2800
849002.0	75	80000
849002.0	69	10000
849002.0	68	2500
849034.0	61	3000
849034.0	68	3000
849028.0	69	8000
849008.0	65	2000
849018.0	75	60000
849018.0	69	13000
849018.0	65	1000
849038.0	69	13500
1662021.0	67	4000
1662021.0	69	2000
1662197.0	99	0
1662172.0	99	0
1662222.0	63	10000
1662222.0	70	10000
1662071.0	61	2000
1662142.0	99	0
1662247.0	99	0
1662046.0	99	0
1662097.0	99	0
1662122.0	61	500
1665028.0	69	3000
1665009.0	61	6000
1665009.0	68	4000
1665009.0	72	1000
1665018.0	66	6000
1665018.0	69	5400
1665018.0	68	1500
1665095.0	99	0
1665076.0	66	4500
1665076.0	65	4000
1665076.0	67	4000
1665076.0	68	3000
1665076.0	72	300
1665085.0	69	60000
1665037.0	69	450000
1665066.0	99	0
1665045.0	99	0
1665057.0	99	0
847071.0	69	1200
847037.0	69	6000
847046.0	99	0
847020.0	99	0
847054.0	61	2500
847063.0	99	0
847012.0	69	15000
847003.0	61	1500
847080.0	99	0
847002.0	69	5000
1664010.0	65	1800
1664002.0	69	1000
1664024.0	74	200
1664039.0	71	4000
1664039.0	72	460
1664047.0	61	2000
1664017.0	68	4000
1664054.0	72	2000
1664032.0	61	2000
1664032.0	72	1000
1664032.0	65	700
1664069.0	99	0
1664061.0	69	20000
867087.0	69	130000
867047.0	69	24000
867057.0	69	30000
867037.0	69	60000
867027.0	69	1800
867097.0	69	50000
867077.0	99	0
867017.0	69	12600
867017.0	71	2000
867007.0	69	2000
867067.0	69	270
1669013.0	99	0
1669131.0	99	0
1669065.0	99	0
1669105.0	61	1500
1669105.0	74	600
1669105.0	65	550
1669105.0	62	450
1669078.0	61	500
1669118.0	69	5000
1669118.0	72	3000
1669091.0	99	0
1669026.0	99	0
1669039.0	69	5000
1669052.0	65	700
1669052.0	62	350
1670013.0	61	8000
1670013.0	62	380
1670187.0	99	0
1670033.0	69	300000
1670168.0	69	150000
1670052.0	69	24000
1670071.0	69	21000
1670071.0	73	2000
1670091.0	69	29000
1670091.0	73	3000
1670110.0	69	20000
1670129.0	69	4000
1670149.0	69	7800
1671052.0	69	7500
1671051.0	69	84900
1671011.0	69	2000
1671016.0	99	0
1671025.0	99	0
1671008.0	69	105000
1671042.0	69	9600
1671042.0	72	270
1671077.0	99	0
1671069.0	69	18000
1671060.0	72	200
1672019.0	99	0
1672004.0	72	40000
1672035.0	61	1500
1672050.0	69	9000
1672143.0	69	4500
1672081.0	69	3930
1672112.0	69	15000
1672066.0	99	0
1672065.0	99	0
1672097.0	99	0
1674008.0	68	3000
1674008.0	61	1300
1674008.0	65	800
1674008.0	62	300
1674037.0	99	0
1674027.0	99	0
1674097.0	69	1150
1674087.0	99	0
1674047.0	69	2000
1674047.0	74	500
1674067.0	69	1200
1674077.0	72	10000
1674057.0	99	0
1674018.0	68	4000
1674018.0	65	1200
885057.0	69	32000
885057.0	72	1000
885072.0	99	0
885034.0	69	2100
885011.0	69	2100
885027.0	72	200
885042.0	99	0
885049.0	99	0
885019.0	99	0
885004.0	69	17500
885065.0	69	7200
1678089.0	99	0
1678022.0	69	12000
1678054.0	99	0
1678041.0	69	7000
1678080.0	99	0
1678051.0	69	1500
1678070.0	69	1000
1678061.0	99	0
1678013.0	69	30000
1678003.0	72	3500
910031.0	99	0
910022.0	69	1000
910014.0	69	9500
910065.0	72	1500
910065.0	69	1200
910048.0	99	0
910082.0	99	0
910039.0	99	0
910056.0	99	0
910073.0	99	0
910005.0	69	1160
1682015.0	99	0
1682095.0	99	0
1682061.0	99	0
1682026.0	69	40000
1682026.0	61	4000
1682003.0	69	4500
1682072.0	99	0
1682038.0	69	36000
1682038.0	72	1500
1682049.0	69	18000
1682107.0	68	200
1682084.0	69	5000
1684068.0	69	1200
1684048.0	72	20000
1684088.0	69	450
1684058.0	61	1400
1684098.0	99	0
1684018.0	69	1200
1684008.0	99	0
1684078.0	99	0
1684028.0	69	100000
1684028.0	66	30000
1684038.0	61	3000
944006.0	65	380
944007.0	69	7500
944063.0	69	1200
944060.0	61	300
944037.0	69	21000
944043.0	69	66000
944031.0	71	3000
944025.0	69	200
944062.0	75	105000
944062.0	69	1200
944062.0	72	1000
944062.0	73	500
944018.0	69	630
945077.0	69	200000
945077.0	70	54000
945077.0	63	10000
945077.0	74	9000
945077.0	61	3000
945077.0	68	2401
945077.0	66	2000
945032.0	69	190000
945032.0	64	90000
945032.0	62	30500
945032.0	61	25000
945032.0	71	25000
945032.0	67	6500
945032.0	72	1000
945088.0	69	6000
945009.0	66	6000
945111.0	66	6500
945111.0	69	3000
945110.0	69	9000
945110.0	74	1000
945020.0	99	0
945054.0	69	10000
945099.0	71	12500
945099.0	61	8000
945099.0	66	6000
945099.0	69	5000
945099.0	72	2000
945099.0	65	750
945043.0	69	55000
1687016.0	69	3600
1687032.0	69	10000
1687032.0	61	5000
1687149.0	99	0
1687133.0	69	1800
1687166.0	69	2100
1687049.0	99	0
1687066.0	99	0
1687099.0	69	3800
1687099.0	72	1000
1687082.0	61	10000
1687082.0	66	7000
1687082.0	67	5000
1687082.0	69	600
1687082.0	65	500
1687082.0	62	400
1687082.0	74	300
1687116.0	99	0
1688061.0	65	350
1688003.0	69	1500
1688003.0	72	1000
1688009.0	99	0
1688103.0	99	0
1688072.0	65	1000
1688082.0	69	1500
1688051.0	72	5000
1688051.0	69	1650
1688030.0	99	0
1688081.0	99	0
1688040.0	99	0
1690051.0	69	3600
1690110.0	62	9000
1690098.0	69	31000
1690027.0	69	76000
1690027.0	68	4500
1690069.0	69	60000
1690069.0	66	8000
1690063.0	69	8750
1690086.0	99	0
1690003.0	61	9000
1690074.0	75	200000
1690074.0	69	36006
1690015.0	72	10000
1691096.0	69	2500
1691106.0	99	0
1691009.0	69	1800
1691063.0	66	7000
1691052.0	67	4000
1691052.0	65	1500
1691020.0	69	9000
1691042.0	69	9000
1691031.0	72	100
1691085.0	99	0
1691074.0	61	4000
1691074.0	66	4000
1691074.0	67	1300
1691074.0	65	500
1691074.0	68	500
1691074.0	62	300
1691074.0	72	200
1692145.0	99	0
1692063.0	69	36000
1692063.0	61	15000
1692063.0	62	3000
1692063.0	72	500
1692080.0	99	0
1692015.0	66	9000
1692015.0	69	4800
1692016.0	66	5300
1692042.0	99	0
1692047.0	99	0
1692031.0	69	193000
1692031.0	61	500
1692031.0	67	150
1692096.0	99	0
1692161.0	99	0
1693132.0	99	0
1693023.0	72	1000
1693150.0	99	0
1693168.0	99	0
1693114.0	69	10000
1693077.0	69	27000
1693077.0	67	4000
1693077.0	74	1000
1693041.0	99	0
1693059.0	61	20000
1693059.0	69	19800
1693095.0	67	4500
1693095.0	61	1200
1693004.0	72	1000
1696004.0	99	0
1696013.0	69	20000
1696061.0	99	0
1696023.0	69	38000
1696002.0	69	79000
1696002.0	61	5000
1696002.0	67	4000
1696032.0	69	70000
1696065.0	69	6000
1696065.0	61	300
1696065.0	72	300
1696065.0	68	200
1696065.0	65	150
1696052.0	69	15100
1696090.0	69	120000
1696090.0	70	80000
1696090.0	63	30000
1696022.0	61	5000
1697006.0	69	6000
1697006.0	63	5000
1697106.0	69	7000
1697106.0	61	1000
1697063.0	70	30000
1697052.0	66	6000
1697052.0	67	5000
1697052.0	69	1200
1697095.0	69	15005
1697085.0	69	5100
1697074.0	65	2000
1697009.0	69	2700
1697020.0	69	30000
1697020.0	66	6000
1697020.0	67	5500
1697020.0	65	4000
1697020.0	63	3500
1697019.0	66	5000
1697019.0	69	4800
1697019.0	65	750
1697019.0	68	500
976022.0	69	1200
976047.0	69	40000
976049.0	69	52000
976071.0	69	1710
976057.0	72	600
976083.0	99	0
976107.0	69	500
976095.0	69	13900
976095.0	72	2500
976010.0	69	3000
976034.0	66	4000
976034.0	72	900
976034.0	74	600
976034.0	65	500
976034.0	63	300
976034.0	69	240
1703102.0	62	600
1703102.0	68	500
1703033.0	69	22000
1703079.0	99	0
1703073.0	69	1050
1703067.0	69	24900
1703060.0	69	5400
1703021.0	69	6000
1703010.0	69	1000
1703113.0	72	2000
1703113.0	69	1500
1703048.0	69	54800
1704035.0	61	1000
1704035.0	72	200
1704057.0	69	1332
1704057.0	72	600
1704068.0	99	0
1704046.0	66	3800
1704078.0	99	0
1704089.0	69	1200
1704100.0	99	0
1704014.0	99	0
1704003.0	65	350
1704024.0	69	10000
1705026.0	99	0
1705018.0	69	9000
1705018.0	65	700
1705069.0	69	200000
1705059.0	99	0
1705077.0	69	23000
1705043.0	69	3600
1705035.0	69	32000
1705035.0	72	18000
1705060.0	69	6000
1705011.0	99	0
1705052.0	99	0
1706039.0	69	50000
1706028.0	69	2000
1706005.0	69	5400
1706085.0	99	0
1706108.0	69	350
1706097.0	69	21000
1706062.0	69	13000
1706051.0	61	1800
1706051.0	69	1300
1706016.0	69	22000
1706074.0	66	8000
982033.0	69	70000
982018.0	69	9000
982028.0	99	0
982083.0	69	1200
982050.0	69	600
982039.0	69	42000
982094.0	69	46000
982061.0	99	0
982034.0	61	550
982072.0	61	1500
988007.0	69	1000
988009.0	99	0
988111.0	69	9900
988110.0	69	3000
988065.0	71	15000
988065.0	74	5000
988065.0	72	4000
988065.0	61	2000
988072.0	72	60000
988072.0	69	5700
988072.0	71	300
988072.0	68	150
988060.0	70	32800
988060.0	62	300
988021.0	99	0
988034.0	69	4560
988123.0	69	12000
1036100.0	69	205000
1036065.0	69	315000
1036001.0	69	42150
1036112.0	69	18000
1036089.0	67	4500
1036089.0	69	2100
1036030.0	75	60000
1036030.0	69	20000
1036030.0	61	18000
1036042.0	69	54000
1036019.0	69	12000
1036054.0	69	1800
1036077.0	69	300
1719008.0	99	0
1719034.0	69	30000
1719017.0	69	30000
1719068.0	69	35000
1719025.0	69	120000
1719077.0	69	18000
1719086.0	69	15000
1719060.0	69	21000
1719043.0	99	0
1719051.0	99	0
1733099.0	69	90000
1733099.0	70	20000
1733033.0	69	60000
1733033.0	72	20000
1733033.0	70	17000
1733033.0	71	14000
1733010.0	69	30000
1733089.0	72	10000
1733069.0	99	0
1733019.0	69	6000
1733078.0	69	115000
1733078.0	72	15000
1733078.0	66	9000
1733029.0	99	0
1733059.0	99	0
1733079.0	61	1200
1134011.0	61	1600
1134025.0	99	0
1134055.0	99	0
1134040.0	99	0
1134143.0	61	1200
1134128.0	61	5000
1134084.0	61	1550
1134099.0	99	0
1134069.0	68	1800
1134114.0	99	0
1146021.0	69	10000
1146021.0	72	500
1146093.0	69	11000
1146079.0	99	0
1146036.0	99	0
1146050.0	99	0
1146064.0	99	0
1146007.0	69	15000
1146007.0	61	7000
1146126.0	61	100
1146122.0	62	200
1146107.0	99	0
1754076.0	69	15000
1754084.0	99	0
1754057.0	72	20000
1754057.0	69	3000
1754002.0	99	0
1754011.0	61	3000
1754020.0	74	5000
1754020.0	61	200
1754067.0	65	380
1754048.0	99	0
1754039.0	99	0
1754029.0	99	0
1755007.0	99	0
1755002.0	99	0
1755102.0	69	300
1755017.0	69	10000
1755017.0	74	120
1755039.0	99	0
1755028.0	61	1000
1755028.0	71	600
1755049.0	69	3600
1755049.0	72	200
1755092.0	99	0
1755081.0	99	0
1755070.0	99	0
1757078.0	61	3800
1757129.0	99	0
1757114.0	99	0
1757100.0	61	3400
1757056.0	69	14000
1757056.0	72	500
1757013.0	69	50000
1757143.0	65	700
1757143.0	61	200
1757042.0	69	2400
1757027.0	65	10000
1757027.0	68	7500
1757027.0	69	7000
1757027.0	72	5000
1757085.0	99	0
1758145.0	72	5000
1758145.0	69	3000
1758115.0	99	0
1758117.0	99	0
1758072.0	99	0
1758013.0	99	0
1758130.0	61	6000
1758130.0	69	800
1758057.0	99	0
1758042.0	99	0
1758086.0	99	0
1758028.0	99	0
1759014.0	62	18000
1759014.0	69	18000
1759014.0	68	7200
1759098.0	67	4500
1759081.0	99	0
1759144.0	62	300
1759030.0	61	4000
1759030.0	68	2000
1759030.0	72	200
1759064.0	68	2500
1759012.0	69	600
1759132.0	66	7000
1759132.0	61	6700
1759132.0	69	6000
1759132.0	72	5000
1759149.0	99	0
1759166.0	99	0
1760007.0	69	35000
1760007.0	67	6500
1760118.0	69	16000
1760134.0	99	0
1760150.0	71	6000
1760150.0	69	3000
1760150.0	68	2300
1760150.0	61	800
1760150.0	72	300
1760087.0	61	6000
1760103.0	61	3600
1760055.0	99	0
1760039.0	99	0
1760071.0	99	0
1760023.0	99	0
1761009.0	99	0
1761017.0	71	16000
1761017.0	69	9000
1761032.0	61	10000
1761001.0	69	600000
1761001.0	61	3000
1761001.0	65	700
1761110.0	99	0
1761104.0	62	35000
1761092.0	69	36000
1761068.0	99	0
1761056.0	99	0
1761080.0	69	3000
1245080.0	69	800
1245080.0	71	200
1245070.0	99	0
1245074.0	99	0
1245099.0	69	20000
1245099.0	72	500
1245099.0	71	100
1245059.0	99	0
1245014.0	69	5000
1245014.0	72	2000
1245028.0	72	300
1245049.0	72	200
1245101.0	69	600
1245091.0	69	38000
1245091.0	61	150
1246006.0	72	90000
1246006.0	69	10000
1246006.0	61	3000
1246001.0	72	8000
1246008.0	69	250
1246008.0	72	200
1246004.0	69	1000
1246004.0	65	100
1246005.0	99	0
1246003.0	99	0
1246007.0	99	0
1246012.0	99	0
1246013.0	61	5000
1246013.0	71	200
1246009.0	72	50
1180075.0	75	150
1180007.0	71	16000
1180026.0	99	0
1180017.0	72	200
1180085.0	99	0
1180066.0	99	0
1180095.0	69	2000
1180036.0	72	25000
1180036.0	69	1500
1180056.0	99	0
1180046.0	61	500
1194066.0	99	0
1194044.0	61	200
1194010.0	99	0
1194055.0	99	0
1194077.0	68	1000
1194022.0	99	0
1194033.0	99	0
1194088.0	74	3000
1194110.0	69	250
1194099.0	69	1390
1769027.0	99	0
1769004.0	74	15000
1769045.0	61	10000
1769045.0	69	5000
1769032.0	69	7000
1769032.0	67	5000
1769032.0	68	3000
1769032.0	65	2500
1769044.0	71	12200
1769049.0	68	4500
1769049.0	69	3000
1769049.0	65	650
1769013.0	69	22000
1769021.0	69	22500
1769009.0	69	10000
1769038.0	69	4000
1770077.0	61	2000
1770059.0	99	0
1770094.0	99	0
1770041.0	99	0
1770006.0	99	0
1770024.0	69	15800
1770024.0	61	3500
1770024.0	62	500
1770075.0	69	200000
1770075.0	70	120000
1770075.0	62	8000
1770075.0	68	2000
1770112.0	99	0
1770047.0	74	208000
1770047.0	69	34000
1770047.0	71	19000
1770047.0	61	12000
1770047.0	73	11000
1770047.0	68	1500
1770165.0	63	400020
1770165.0	69	46000
1770165.0	61	8000
1770165.0	67	5000
1770165.0	68	3500
1771009.0	99	0
1771021.0	99	0
1771044.0	61	800
1771068.0	69	1500
1771032.0	65	400
1771079.0	68	1200
1771103.0	99	0
1771114.0	68	6000
1771114.0	61	3900
1771056.0	69	385
1771091.0	65	100
1772012.0	99	0
1772019.0	99	0
1772026.0	61	2700
1772005.0	61	25000
1772041.0	99	0
1772034.0	99	0
1772055.0	72	5000
1772055.0	61	3000
1772048.0	99	0
1772070.0	63	400000
1772070.0	69	60000
1772070.0	61	20000
1772070.0	72	20000
1772070.0	66	12000
1772070.0	68	12000
1772070.0	65	5000
1772062.0	66	2500
1772062.0	61	1500
1202028.0	75	682500
1202028.0	69	5000
1202028.0	68	1800
1202039.0	61	1500
1202039.0	69	400
1202044.0	99	0
1202082.0	99	0
1202074.0	99	0
1202065.0	69	6000
1202005.0	99	0
1202021.0	99	0
1202022.0	99	0
1202014.0	99	0
1780044.0	69	18000
1780054.0	69	1200
1780024.0	99	0
1780014.0	61	860
1780004.0	62	200
1780094.0	99	0
1780074.0	99	0
1780084.0	99	0
1780064.0	99	0
1780032.0	61	1500
1781025.0	99	0
1781018.0	99	0
1781004.0	62	600
1781053.0	65	300
1781060.0	65	500
1781067.0	61	3000
1781067.0	65	250
1781032.0	69	18000
1781046.0	72	200
1781023.0	72	190
1781039.0	72	5000
1226052.0	99	0
1226034.0	69	5000
1226042.0	72	1500
1226008.0	99	0
1226012.0	99	0
1226018.0	69	20000
1226018.0	72	2000
1226007.0	99	0
1226024.0	71	16000
1226024.0	69	15000
1226035.0	72	11600
1226035.0	69	1600
1226046.0	61	1500
1240038.0	69	1200
1240038.0	71	900
1240062.0	75	2000
1240055.0	69	1500
1240055.0	72	150
1240049.0	99	0
1240022.0	99	0
1240070.0	72	3000
1240070.0	61	2000
1240070.0	65	1500
1240070.0	68	600
1240070.0	69	500
1240042.0	99	0
1240014.0	99	0
1240092.0	69	2000
1240135.0	99	0
1787071.0	99	0
1787044.0	69	1500
1787044.0	66	800
1787113.0	69	2000
1787002.0	66	12000
1787099.0	69	36000
1787030.0	63	2500000
1787030.0	61	40000
1787030.0	67	21000
1787030.0	64	15000
1787030.0	66	15000
1787030.0	62	13000
1787127.0	99	0
1787016.0	99	0
1787058.0	99	0
1787085.0	69	600
1787085.0	65	500
1790063.0	99	0
1790044.0	72	50000
1790044.0	61	3002
1790015.0	99	0
1790092.0	99	0
1790034.0	69	4000
1790025.0	65	1500
1790083.0	61	30000
1790083.0	67	5000
1790083.0	68	4000
1790054.0	99	0
1790073.0	61	2700
1790005.0	69	14000
1791074.0	99	0
1791045.0	67	3000
1791060.0	61	3000
1791003.0	99	0
1791103.0	69	18000
1791031.0	72	10000
1791031.0	68	4000
1791017.0	99	0
1791131.0	99	0
1791088.0	68	4700
1791088.0	65	500
1791088.0	62	300
1791121.0	99	0
748074.0	72	5000
748074.0	61	3000
748074.0	63	200
748013.0	69	2000
748013.0	65	500
748043.0	63	2000
748043.0	61	1800
748089.0	61	9000
748089.0	71	3500
748089.0	69	1000
748089.0	65	400
748058.0	71	3000
748058.0	68	2400
748058.0	69	1000
748028.0	69	40000
748129.0	75	98000
748129.0	69	22000
748129.0	72	10000
748129.0	74	6000
748129.0	63	500
748129.0	65	450
748119.0	69	2000
748119.0	72	300
748149.0	69	21000
748134.0	99	0
1635067.0	69	400
1635067.0	74	400
1635059.0	69	800
1635076.0	65	800
1635001.0	71	4800
1635001.0	69	4500
1635001.0	61	3500
1635001.0	65	750
1635001.0	74	600
1635001.0	62	500
1635001.0	72	500
1635009.0	75	30000
1635009.0	69	20000
1635009.0	71	6000
1635009.0	72	6000
1635009.0	74	3000
1635009.0	62	800
1635043.0	69	2700
1635034.0	99	0
1635018.0	99	0
1635026.0	69	80000
1635026.0	65	300
1635026.0	61	250
1635051.0	69	9000
1636031.0	75	60000
1636031.0	70	50000
1636013.0	69	100000
1636013.0	68	6000
1636019.0	62	3500
1636019.0	61	2500
1636019.0	65	500
1636023.0	75	40000
1636023.0	69	5000
1636036.0	62	100
1636042.0	62	260
1636055.0	61	800
1636055.0	65	500
1636048.0	99	0
1636007.0	65	900
1636003.0	69	11050
1636003.0	71	10000
1636003.0	68	2000
1637067.0	72	5000
1637067.0	61	2500
1637067.0	62	150
1637058.0	69	80000
1637058.0	71	45000
1637058.0	70	25000
1637058.0	61	12000
1637058.0	62	3500
1637031.0	69	25000
1637031.0	75	8000
1637031.0	71	5000
1637022.0	74	5000
1637004.0	67	2500
1637049.0	69	6000
1637049.0	74	1500
1637040.0	69	9000
1637040.0	74	1000
1637007.0	99	0
1637085.0	69	16000
1637085.0	61	12000
1637085.0	72	7500
1637085.0	63	2000
1637085.0	74	500
1637076.0	69	23000
1638066.0	69	4000
1638097.0	63	600
1638097.0	69	600
1638097.0	65	450
1638086.0	63	200
1638014.0	69	70000
1638014.0	66	21000
1638014.0	70	20000
1638014.0	67	8000
1638076.0	62	250
1638004.0	99	0
1638055.0	99	0
1638035.0	75	15000
1638045.0	99	0
1638025.0	69	100000
1638025.0	75	11000
1638025.0	71	3000
1638025.0	72	2500
1565027.0	99	0
1565043.0	69	15000
1565035.0	69	5000
1565073.0	62	2000
1565004.0	99	0
1565066.0	69	60000
1565020.0	99	0
1565012.0	69	4000
1565058.0	69	5000
1565050.0	99	0
1566039.0	61	15000
1566039.0	72	7000
1566030.0	69	10000
1566030.0	65	300
1566030.0	61	200
1566030.0	66	200
1566020.0	99	0
1566048.0	69	200000
1566048.0	72	10000
1566011.0	68	2500
1566011.0	65	1500
1566011.0	62	350
1566011.0	72	200
1566011.0	61	100
1566001.0	69	54000
1566001.0	61	6000
1566001.0	68	4000
1566001.0	72	3000
1566058.0	69	10000
1566058.0	74	5000
1566058.0	67	3500
1566058.0	68	3000
1566077.0	68	2500
1566067.0	74	2500
1566067.0	65	2000
1566086.0	99	0
1567126.0	99	0
1567009.0	61	12000
1567141.0	66	5000
1567141.0	69	5000
1567141.0	72	500
1567039.0	69	4000
1567024.0	69	4800
1567024.0	61	4000
1567024.0	62	300
1567024.0	65	300
1567053.0	69	6000
1567063.0	69	2000
1567068.0	69	2000
1567097.0	73	20000
1567112.0	99	0
1568061.0	69	20000
1568061.0	74	3000
1568061.0	65	1000
1568012.0	99	0
1568005.0	69	3000
1568005.0	65	600
1568047.0	99	0
1568067.0	69	50000
1568067.0	72	5000
1568067.0	68	3000
1568033.0	69	12000
1568033.0	70	8000
1568033.0	61	5000
1568033.0	63	300
1568040.0	63	680000
1568040.0	61	75000
1568040.0	69	24000
1568040.0	72	21000
1568040.0	74	20000
1568040.0	65	19200
1568040.0	68	19000
1568040.0	70	4000
1568040.0	64	3000
1568026.0	61	8000
1568026.0	68	2500
1568026.0	69	1800
1568019.0	68	4500
1568019.0	61	3000
1568054.0	69	15000
1568054.0	72	3000
1569047.0	69	50000
1569047.0	66	5000
1569041.0	69	4000
1569045.0	99	0
1569053.0	69	9000
1569024.0	69	5000
1569018.0	99	0
1569007.0	69	30000
1569006.0	69	60000
1569013.0	99	0
1569030.0	99	0
1570061.0	65	9000
1570061.0	69	5000
1570061.0	72	3000
1570061.0	61	200
1570015.0	69	160000
1570031.0	61	4000
1570092.0	99	0
1570046.0	69	500
1570046.0	72	500
1570077.0	69	5000
1570153.0	65	500
1570138.0	69	30000
1570138.0	73	5000
1570123.0	69	140000
1570123.0	72	10000
1570123.0	63	8000
1570123.0	70	2400
1570123.0	74	2000
1570123.0	61	1000
1570107.0	69	40000
1570107.0	70	3000
618058.0	62	10000
618058.0	68	7000
618058.0	72	4000
618058.0	61	1500
618048.0	61	3500
618028.0	62	16000
618028.0	61	11000
618028.0	70	2400
618018.0	69	5000
618008.0	99	0
618088.0	69	300000
618088.0	63	70000
618078.0	69	9000
618078.0	61	2300
618078.0	72	300
618098.0	72	300
618068.0	61	3000
618068.0	72	300
618038.0	99	0
1575116.0	68	9500
1575116.0	70	3400
1575116.0	72	3000
1575116.0	61	800
1575100.0	69	18000
1575147.0	71	28000
1575147.0	66	24000
1575147.0	69	20000
1575147.0	65	14000
1575147.0	61	13500
1575147.0	68	10000
1575147.0	67	6000
1575147.0	70	3000
1575147.0	72	3000
1575147.0	74	2700
1575132.0	69	8000
1575132.0	70	4000
1575132.0	72	3000
1575132.0	74	500
1575053.0	99	0
1575038.0	99	0
1575006.0	69	5000
1575006.0	74	5000
1575006.0	68	2000
1575006.0	71	1000
1575022.0	61	4000
1575069.0	99	0
1575085.0	99	0
1576047.0	69	9000
1576047.0	61	3700
1576047.0	65	700
1576047.0	72	700
1576059.0	69	4500
1576053.0	99	0
1576028.0	68	200
1576009.0	66	7000
1576009.0	72	5000
1576009.0	68	3500
1576003.0	61	2000
1576003.0	68	1500
1576003.0	62	250
1576034.0	61	5000
1576015.0	68	2500
1576015.0	72	450
1576022.0	68	5000
1576041.0	69	70000
1576041.0	66	12000
1576041.0	61	10000
1576041.0	65	8500
1576041.0	68	7500
1576041.0	67	6400
1576041.0	70	3000
1576041.0	72	2000
1576041.0	74	1000
1577002.0	73	26000
1577002.0	69	12500
1577002.0	61	9900
1577002.0	66	2700
1577002.0	74	2400
1577002.0	72	1200
1577002.0	65	750
1577057.0	99	0
1577047.0	69	10000
1577047.0	61	3000
1577047.0	72	700
1577037.0	74	5000
1577037.0	61	4500
1577037.0	68	2990
1577037.0	72	2000
1577097.0	71	2000
1577087.0	70	20000
1577087.0	72	7000
1577087.0	61	5000
1577077.0	70	60000
1577077.0	69	24000
1577027.0	68	3000
1577067.0	99	0
1577017.0	69	8000
1578015.0	69	1500
1578085.0	69	40000
1578085.0	63	5000
1578085.0	61	250
1578085.0	62	100
1578106.0	68	4000
1578074.0	69	24000
1578074.0	61	20000
1578074.0	68	4000
1578074.0	70	1000
1578095.0	99	0
1578042.0	72	13000
1578042.0	74	600
1578032.0	73	25000
1578032.0	61	10000
1578032.0	66	10000
1578032.0	65	7000
1578032.0	67	3500
1578032.0	72	3000
1578032.0	74	1500
1578053.0	69	25000
1578053.0	61	10000
1578053.0	68	4000
1578053.0	72	3000
1578053.0	70	2000
1578053.0	74	2000
1578053.0	62	600
1578021.0	99	0
1578063.0	69	10000
1578063.0	61	5000
1578063.0	68	3500
1578063.0	72	1500
670006.0	71	15000
670006.0	65	500
670006.0	69	500
670016.0	61	5000
670016.0	72	2600
670016.0	69	2000
670083.0	69	30000
670083.0	72	2000
670083.0	74	1000
670093.0	99	0
670074.0	75	6000
670074.0	71	1000
670064.0	75	30000
670064.0	71	12000
670064.0	68	2600
670064.0	69	2000
670064.0	61	1500
670054.0	99	0
670035.0	72	4000
670035.0	74	800
670025.0	72	400
670045.0	69	4000
670045.0	72	500
1613057.0	61	7000
1613057.0	72	600
1613051.0	72	8000
1613051.0	69	1200
1613008.0	69	8000
1613032.0	69	18000
1613028.0	69	1000
1613028.0	65	200
1613028.0	62	150
1613002.0	99	0
1613020.0	61	2000
1613020.0	68	2000
1613020.0	74	2000
1613014.0	69	7000
1613014.0	61	5000
1613014.0	72	5000
1613014.0	68	4000
1613014.0	74	3000
1613014.0	65	2000
1613045.0	69	20000
1613045.0	71	5000
1613045.0	74	4000
1613045.0	72	3000
1613045.0	61	2500
1613045.0	65	2000
1613045.0	68	800
1613038.0	99	0
1614004.0	72	1500
1614010.0	69	3000
1614010.0	72	1800
1614052.0	72	500
1614058.0	74	10000
1614058.0	72	5000
1614058.0	68	2000
1614058.0	65	1000
1614016.0	69	110000
1614016.0	70	55000
1614016.0	74	10000
1614016.0	63	7000
1614016.0	71	7000
1614016.0	72	5000
1614030.0	72	800
1614034.0	69	80000
1614020.0	61	2000
1614028.0	61	5000
1614028.0	74	1000
1614028.0	72	200
1614022.0	72	2000
1614022.0	74	2000
1615022.0	69	4000
1615022.0	72	1000
1615022.0	65	800
1615011.0	69	9000
1615045.0	61	4000
1615045.0	72	3000
1615045.0	65	800
1615034.0	99	0
1615057.0	75	500000
1615057.0	69	50000
1615057.0	64	40000
1615057.0	72	25000
1615057.0	70	5700
1615057.0	68	2500
1615057.0	74	2000
1615115.0	72	10000
1615080.0	72	14000
1615080.0	74	5000
1615080.0	69	1400
1615080.0	65	600
1615103.0	69	160000
1615103.0	72	4000
1615103.0	74	4000
1615092.0	69	20000
1615092.0	61	7000
1615092.0	72	5000
1615092.0	67	4000
1615092.0	70	3000
1615092.0	74	3000
1615089.0	69	2000
1615089.0	72	200
1591025.0	63	10000
1591025.0	64	1500
1591036.0	61	12000
1591036.0	65	3800
1591036.0	68	2000
1591014.0	63	4000
1591014.0	64	2000
1591040.0	99	0
1591001.0	69	17000
1591023.0	70	70000
1591023.0	63	5000
1591023.0	64	5000
1591010.0	64	20000
1591010.0	69	20000
1591005.0	99	0
1591027.0	70	60000
1591027.0	69	43000
1591018.0	70	80000
1591018.0	69	51000
1592003.0	72	100000
1592003.0	69	11000
1592013.0	61	35000
1592022.0	66	15000
1592022.0	67	5000
1592032.0	61	20000
1592051.0	69	30000
1592051.0	61	10000
1592051.0	70	7000
1592051.0	72	5000
1592051.0	68	4000
1592041.0	69	10000
1592041.0	66	300
1592061.0	75	150000
1592061.0	69	120000
1592070.0	69	30000
1592070.0	74	15000
1592089.0	69	200000
1592080.0	69	30000
1593021.0	69	35000
1593021.0	74	5000
1593009.0	69	80000
1593058.0	68	4000
1593058.0	65	800
1593034.0	99	0
1593007.0	69	250000
1593007.0	70	60000
1593007.0	72	5000
1593007.0	74	5000
1593109.0	69	150000
1593109.0	70	10000
1593109.0	74	10000
1593046.0	69	75000
1593046.0	64	20000
1593046.0	70	8000
1593059.0	63	300000
1593059.0	69	44000
1593059.0	68	40000
1593059.0	67	15000
1593059.0	66	14000
1593059.0	61	12000
1593059.0	62	3200
1593084.0	69	100000
1593084.0	61	15000
1593084.0	72	10000
1593084.0	68	6000
1593084.0	74	5000
1593072.0	69	200000
1594072.0	75	4000000
1594072.0	61	400000
1594072.0	70	145000
1594072.0	64	5000
1594103.0	61	6500
1594019.0	69	27000
1594002.0	69	80000
1594030.0	69	150000
1594030.0	70	50000
1594040.0	69	300000
1594040.0	70	75000
1594093.0	99	0
1594051.0	69	150000
1594051.0	70	80000
1594061.0	99	0
1594082.0	69	65000
1595063.0	61	40000
1595063.0	62	6000
1595071.0	75	120000
1595071.0	61	17000
1595071.0	68	12000
1595064.0	69	150000
1595064.0	72	5000
1595055.0	61	4500
1595055.0	68	2800
1595009.0	69	50000
1595009.0	68	12000
1595009.0	61	4000
1595009.0	70	3000
1595084.0	69	70000
1595084.0	62	5000
1595080.0	99	0
1595067.0	69	250000
1595067.0	74	20000
1595067.0	61	10000
1595089.0	63	4500000
1595089.0	61	250000
1595089.0	62	90000
1595048.0	70	40000
1595048.0	74	10000
1596012.0	69	35000
1596004.0	69	70000
1596004.0	70	20000
1596004.0	68	12000
1596004.0	62	2000
1596028.0	70	24000
1596028.0	61	11000
1596028.0	74	2000
1596045.0	99	0
1596037.0	69	100000
1596020.0	99	0
1596053.0	69	38000
1596053.0	64	2000
1596061.0	69	150000
1596077.0	69	50000
1596069.0	99	0
638045.0	69	5000
638036.0	69	60000
638036.0	71	7000
638036.0	72	5000
638027.0	71	6000
638027.0	72	3000
638018.0	71	3000
638009.0	71	3500
638009.0	72	3000
638055.0	61	5000
638055.0	72	2000
638055.0	71	1000
638055.0	65	600
638055.0	74	500
638082.0	69	70000
638082.0	65	10000
638082.0	66	10000
638082.0	61	8000
638082.0	68	5000
638082.0	74	5000
638082.0	72	4000
638082.0	67	3000
638082.0	62	600
638073.0	69	40000
638073.0	72	2000
638073.0	71	1000
638073.0	74	500
638073.0	65	200
638064.0	72	3000
1347058.0	68	2500
1347058.0	65	2000
1347063.0	62	3000
1347063.0	65	2500
1347023.0	61	2500
1347023.0	65	500
1347022.0	67	7000
1347030.0	65	4000
1347037.0	68	8000
1347037.0	61	7000
1347037.0	65	6000
1347037.0	69	1860
1347009.0	75	60000
1347009.0	68	2000
1347009.0	69	1000
1347016.0	99	0
1347044.0	62	4000
1347044.0	65	3700
1347044.0	68	2500
1347057.0	69	12000
1347057.0	65	4000
1347057.0	62	3000
638091.0	69	3000
1603075.0	69	2000
1603075.0	62	300
1603012.0	72	5000
1603004.0	61	1800
1603004.0	72	600
1603028.0	75	70000
1603028.0	74	2300
1603028.0	61	1500
1603028.0	69	900
1603028.0	65	600
1603028.0	72	60
1603059.0	99	0
1603043.0	99	0
1603067.0	61	2000
1603051.0	99	0
1603036.0	75	50000
1603036.0	69	12000
1603036.0	72	5000
1603020.0	75	2000
1603020.0	72	200
1604025.0	75	55000
1604025.0	71	10000
1604025.0	69	6000
1604025.0	73	2000
1604015.0	71	6000
1604015.0	69	4000
1604015.0	72	2000
1604096.0	69	4000
1604086.0	69	16000
1604086.0	68	5000
1604086.0	61	2500
1604086.0	63	2000
1604048.0	69	10000
1604048.0	66	7500
1604048.0	61	7000
1604048.0	67	4000
1604048.0	68	4000
1604048.0	72	4000
1604048.0	71	2000
1604048.0	62	600
1604048.0	65	300
1604076.0	69	2800
1604076.0	65	700
1604056.0	69	100000
1604056.0	72	5000
1604045.0	66	17000
1604045.0	69	5000
1604045.0	61	4000
1604045.0	68	2000
1604045.0	72	500
1604005.0	69	3000
1604066.0	69	3500
1604066.0	74	700
1604066.0	72	500
1604066.0	61	400
1604066.0	65	200
649086.0	99	0
649076.0	69	50000
649076.0	72	2000
649076.0	74	1000
649065.0	69	3000
649097.0	69	2000
649108.0	69	2000
649043.0	69	20000
649043.0	75	16000
649043.0	71	6000
649043.0	72	3000
649022.0	75	10000
649022.0	71	3000
649011.0	75	10000
649011.0	71	2000
649030.0	69	100000
649030.0	75	50000
649030.0	71	6000
649032.0	75	10000
649032.0	71	5000
649032.0	72	3000
649032.0	68	2500
649032.0	69	2000
1607016.0	71	40000
1607016.0	68	300
1607054.0	69	31000
1607054.0	68	6000
1607054.0	72	800
1607073.0	61	500
1607073.0	65	200
1607044.0	70	8000
1607044.0	61	3000
1607035.0	69	12000
1607035.0	68	700
1607035.0	61	200
1607025.0	69	6000
1607063.0	66	500
1607082.0	99	0
1607092.0	99	0
1607006.0	69	3000
1608058.0	74	5000
1608058.0	72	4000
1608050.0	75	250000
1608050.0	61	45000
1608050.0	69	17050
1608050.0	72	7000
1608050.0	67	6000
1608073.0	66	6000
1608073.0	65	4000
1608073.0	68	3000
1608073.0	61	2500
1608073.0	71	1000
1608073.0	72	500
1608019.0	69	10000
1608034.0	69	40000
1608042.0	99	0
1608027.0	69	30000
1608066.0	99	0
1608011.0	99	0
1608003.0	66	8000
1608003.0	67	5300
1608003.0	72	500
660041.0	69	5000
660065.0	71	1000
660065.0	72	200
660065.0	69	100
660042.0	69	500000
660042.0	75	72000
660042.0	72	18000
660042.0	61	3600
660042.0	66	500
660020.0	69	30000
660005.0	71	2800
660005.0	74	1000
660035.0	69	4000
660035.0	72	700
660027.0	69	100000
660027.0	75	100000
660027.0	63	90000
660027.0	61	45000
660027.0	70	10000
660027.0	71	10000
660027.0	66	6000
660027.0	65	4000
660027.0	68	4000
660027.0	72	3000
660027.0	74	3000
660012.0	69	69500
660012.0	72	1000
660012.0	65	500
660012.0	71	500
660056.0	71	1000
660056.0	72	200
660056.0	61	100
660072.0	63	90000
660072.0	75	80000
660072.0	71	46000
660072.0	61	20000
660072.0	65	9000
660072.0	69	7000
660072.0	66	6000
660072.0	68	4000
660072.0	70	3500
660072.0	72	2000
660072.0	74	2000
1612055.0	69	50000
1612041.0	99	0
1612048.0	61	800
1612048.0	62	300
1612063.0	69	10000
1612063.0	68	6000
1612063.0	61	4000
1612063.0	70	2000
1612063.0	72	2000
1612063.0	74	2000
1612033.0	63	1000
1612033.0	65	1000
1612033.0	72	800
1612070.0	66	12000
1612070.0	61	10000
1612070.0	65	6000
1612070.0	67	4000
1612070.0	68	4000
1612070.0	74	2700
1612070.0	72	1500
1612004.0	75	36000
1612004.0	71	16000
1612004.0	69	15000
1612004.0	66	6000
1612004.0	61	5000
1612018.0	67	3000
1612026.0	69	10000
1612026.0	74	5000
1612011.0	71	13000
1612011.0	69	8000
1612011.0	75	5000
1612011.0	61	1200
1619056.0	69	13000
1619038.0	69	5500
1619029.0	99	0
1619065.0	69	2000
1619065.0	65	300
1619021.0	71	1500
1619073.0	69	5000
1619073.0	65	350
1619012.0	69	45000
1619003.0	69	50000
1619082.0	69	2000
1619082.0	61	700
1619047.0	99	0
732094.0	69	500
732081.0	99	0
732084.0	99	0
732082.0	69	15000
732082.0	61	700
732117.0	69	15000
732068.0	69	2000
732028.0	75	8000
732028.0	72	200
732025.0	69	60000
732025.0	75	10000
732015.0	69	3000
732015.0	75	3000
732015.0	68	2500
732015.0	72	2000
732042.0	69	1500
1630021.0	69	40000
1630021.0	74	15000
1630021.0	68	5000
1630021.0	72	5000
1630031.0	69	2000
1630010.0	75	85000
1630010.0	69	30000
1630010.0	72	20000
1630010.0	74	10000
1630010.0	63	6000
1630010.0	70	6000
1630010.0	66	3500
1630010.0	62	1200
1630010.0	65	800
1630052.0	69	20000
1630042.0	69	2500
1630042.0	63	400
1630042.0	72	200
1630084.0	65	22000
1630084.0	66	21000
1630084.0	67	7000
1630084.0	68	4000
1630073.0	61	2000
1630073.0	65	500
1630073.0	62	350
1630105.0	61	7000
1630105.0	68	7000
1630105.0	69	5000
1630105.0	67	3500
1630105.0	65	2500
1630105.0	74	2000
1630063.0	61	10000
1630063.0	62	8000
1630063.0	65	7000
1630063.0	68	5000
1630094.0	61	13000
1630094.0	68	7000
1630094.0	74	2000
1630094.0	62	150
714034.0	99	0
714030.0	69	1000
714030.0	61	350
714007.0	99	0
714020.0	99	0
714027.0	69	5000
714027.0	61	500
714040.0	69	1000
714060.0	69	1500
714047.0	69	2000
714047.0	74	1000
714047.0	72	400
714054.0	69	500
714067.0	72	1500
1623053.0	69	12000
1623053.0	74	1000
1623019.0	69	18000
1623033.0	69	80000
1623033.0	61	10000
1623033.0	68	6000
1623033.0	67	2500
1623039.0	69	2000
1623026.0	67	5500
1623026.0	61	3500
1623026.0	72	3000
1623026.0	66	2500
1623026.0	69	2100
1623026.0	68	2000
1623026.0	65	1500
1623026.0	74	500
1623026.0	71	300
1623005.0	65	9000
1623012.0	68	5000
1623012.0	69	3000
1623012.0	74	2500
1623012.0	62	750
1623064.0	69	10000
1623064.0	68	9000
1623046.0	69	20000
1623046.0	61	800
1623067.0	69	15000
1623067.0	68	2500
1624023.0	74	1500
1624029.0	70	200000
1624029.0	69	4000
1624029.0	65	600
1624036.0	69	7000
1624036.0	74	6000
1624016.0	74	2500
1624009.0	66	6000
1624009.0	65	1000
1624002.0	66	9000
1624002.0	67	4000
1624002.0	69	3000
1624002.0	72	3000
1624002.0	65	800
1624002.0	62	500
1624002.0	74	500
1624043.0	99	0
1624050.0	66	3500
1624050.0	65	500
1624057.0	69	10000
1624057.0	72	800
1624057.0	61	500
1624063.0	69	50000
1624063.0	61	15000
1624063.0	65	500
1624063.0	74	500
1624063.0	62	400
1625035.0	99	0
1625023.0	99	0
1625029.0	99	0
1625007.0	68	2800
1625058.0	99	0
1625048.0	99	0
1625041.0	68	2500
1625041.0	69	2500
1625041.0	72	2000
1625041.0	61	600
1625041.0	65	500
1625060.0	69	3000
1625004.0	72	200
1625010.0	68	2500
1625010.0	61	1700
1625010.0	65	500
1626012.0	69	5000
1626026.0	69	9000
1626026.0	64	2000
1626005.0	99	0
1626019.0	74	1500
1626019.0	65	700
1626054.0	63	3500
1626054.0	68	3000
1626054.0	69	1000
1626047.0	63	4000
1626047.0	68	4000
1626047.0	74	2000
1626047.0	69	1000
1626061.0	63	6000
1626061.0	68	4500
1626061.0	65	600
1626068.0	68	2600
1626033.0	65	250
1626040.0	72	10000
1626040.0	65	1500
1627076.0	74	3000
1627053.0	61	15000
1627053.0	69	6000
1627053.0	67	3000
1627053.0	68	2500
1627068.0	75	10000
1627068.0	71	2000
1627044.0	69	7000
1627044.0	67	3500
1627044.0	68	3000
1627044.0	74	2000
1627037.0	99	0
1627045.0	99	0
1627014.0	75	270000
1627014.0	69	35000
1627014.0	70	8000
1627014.0	68	5000
1627014.0	72	5000
1627014.0	63	4500
1627014.0	67	700
1627006.0	74	30000
1627006.0	69	26500
1627006.0	68	4000
1627006.0	64	1000
1627029.0	70	37400
1627029.0	69	3000
1627022.0	61	33000
1627022.0	69	30000
1627022.0	62	22500
1627022.0	70	22000
1627022.0	73	20000
1627022.0	64	18000
1628039.0	99	0
1628030.0	72	20000
1628030.0	69	1200
1628030.0	71	350
1628030.0	62	300
1628036.0	69	10400
1628024.0	72	500
1628054.0	74	200
1628061.0	69	45000
1628061.0	74	5000
1628042.0	69	80000
1628042.0	75	4000
1628042.0	71	2000
1628006.0	61	5000
1628018.0	72	30000
1628018.0	69	4000
1628018.0	65	500
1628018.0	66	200
1628003.0	68	2500
1628003.0	65	1500
718046.0	99	0
718052.0	99	0
718058.0	61	1800
718031.0	72	300
718040.0	63	10000
718040.0	68	6000
718040.0	72	3000
718025.0	75	10000
718025.0	72	2500
718015.0	73	100000
718015.0	75	70000
718015.0	69	40000
718015.0	74	10000
718015.0	71	5000
718015.0	72	5000
718021.0	75	7000
718021.0	69	5000
718021.0	71	5000
718003.0	69	6000
718003.0	75	5000
718003.0	68	3000
718003.0	71	2000
718003.0	72	2000
718003.0	74	2000
718033.0	69	25000
718033.0	63	4000
718033.0	68	3000
718033.0	72	2000
202028.0	63	7000
202028.0	61	3000
202028.0	69	1500
202102.0	69	9000
202102.0	72	400
202090.0	69	4250
202114.0	99	0
202063.0	69	2780
202078.0	99	0
202016.0	61	6000
202016.0	69	3600
202016.0	63	2000
202016.0	68	2000
202016.0	65	1500
202016.0	62	500
202004.0	69	60000
202004.0	65	550
202053.0	69	1290
1426008.0	99	0
1426016.0	69	10800
1426016.0	75	3000
1426016.0	73	800
1426016.0	72	200
1426024.0	71	2500
1426024.0	69	1500
1426031.0	69	336001
1426031.0	61	8000
1426031.0	71	6800
1426031.0	72	5000
1426039.0	69	2700
1426054.0	69	1500
1426058.0	72	1200
1426001.0	69	3600
1426046.0	99	0
1426062.0	72	1500
1427002.0	99	0
1427015.0	69	64000
1427015.0	71	26000
1427015.0	74	2000
1427053.0	69	15800
1427066.0	72	200
1427105.0	99	0
1427092.0	69	36000
1427040.0	69	1620
1427028.0	69	500
1427079.0	69	969000
1427118.0	99	0
1428005.0	99	0
1428132.0	69	20000
1428104.0	99	0
1428053.0	99	0
1428123.0	69	25500
1428123.0	72	1000
1428062.0	68	2000
1428062.0	61	1200
1428076.0	68	2200
1428076.0	69	1200
1428034.0	61	3500
1428034.0	62	400
1428048.0	99	0
1428118.0	99	0
210047.0	75	15000
210047.0	69	3720
210121.0	69	4000
210084.0	75	10000
210084.0	69	4000
210084.0	73	100
210109.0	69	1500
210011.0	69	140000
210051.0	69	1480
210051.0	61	1000
210051.0	71	800
210051.0	72	400
210051.0	74	300
210060.0	69	70000
210035.0	69	14600
210072.0	99	0
210097.0	99	0
211071.0	69	500
211041.0	99	0
211061.0	63	5650
211061.0	69	1500
211021.0	61	13000
211021.0	71	5000
211021.0	74	1000
211051.0	69	52000
211031.0	99	0
211001.0	69	50000
211001.0	61	7500
211001.0	63	4000
211001.0	68	2500
211001.0	72	2000
211001.0	74	1000
211001.0	65	300
211011.0	69	550
211090.0	73	20000
211090.0	75	5800
211090.0	72	500
211081.0	69	30000
211081.0	75	2000
211081.0	73	500
265018.0	63	24000
265018.0	69	2520
265022.0	99	0
265009.0	99	0
265040.0	69	2940
265005.0	69	2400
265044.0	72	1000
265044.0	69	720
265013.0	75	2500
265013.0	69	1800
265013.0	72	200
265035.0	99	0
265027.0	69	1200
265031.0	72	1500
265031.0	69	1040
265031.0	71	1000
266056.0	99	0
266014.0	69	6380
266063.0	69	480000
266028.0	63	4000
266028.0	68	3000
266028.0	65	700
266042.0	69	600
266070.0	99	0
266049.0	72	1500
266049.0	69	1260
266007.0	69	2800
266007.0	70	2640
266035.0	69	7500
266035.0	72	1000
266035.0	74	500
266035.0	65	300
266021.0	69	4320
266021.0	68	3000
1475099.0	99	0
1475085.0	72	2880
1475071.0	69	51600
1475071.0	70	24960
1475142.0	61	7000
1475142.0	68	6700
1475142.0	65	2500
1475142.0	71	2000
1475142.0	62	700
1475028.0	69	250000
1475113.0	69	56000
1475113.0	68	8000
1475014.0	99	0
1475056.0	69	2400
1475042.0	69	60000
1475127.0	99	0
1476076.0	69	32000
1476061.0	69	36000
1476053.0	69	10500
1476053.0	75	4000
1476029.0	69	18000
1476029.0	61	7000
1476029.0	62	350
1476029.0	65	200
1476045.0	67	8000
1476045.0	69	7300
1476045.0	61	4000
1476045.0	68	4000
1476045.0	63	3000
1476045.0	71	3000
1476045.0	66	800
1476045.0	72	700
1476045.0	74	500
1476006.0	69	20500
1476006.0	65	6000
1476006.0	61	4500
1476014.0	99	0
1476068.0	74	4000
1476037.0	99	0
1476022.0	69	6000
1477028.0	99	0
1477057.0	72	4800
1477020.0	99	0
1477065.0	72	1000
1477013.0	63	2000
1477013.0	69	2000
1477013.0	72	1500
1477005.0	69	83000
1477005.0	72	600
1477035.0	61	5000
1477035.0	69	600
1477072.0	67	16700
1477072.0	66	13300
1477072.0	63	3500
1477072.0	68	3000
1477050.0	69	4500
1477042.0	99	0
1478041.0	99	0
1478046.0	99	0
1478005.0	69	3000
1478019.0	72	1000
1478052.0	69	13500
1478052.0	72	2500
1478035.0	69	7240
1478022.0	99	0
1478058.0	68	3000
1478058.0	69	2000
1478011.0	69	600
1478017.0	69	82000
1478017.0	75	10000
1479010.0	99	0
1479066.0	69	6500
1479066.0	73	1000
1479052.0	69	30000
1479052.0	72	18000
1479052.0	70	12000
1479052.0	63	10000
1479052.0	75	3000
1479038.0	69	28000
1479093.0	69	68000
1479093.0	70	56400
1479093.0	68	7800
1479135.0	66	15000
1479135.0	69	13500
1479135.0	72	1200
1479107.0	61	7500
1479107.0	65	4500
1479107.0	68	2000
1479024.0	69	13500
1479121.0	69	7500
1479121.0	67	7000
1479121.0	68	6800
1479121.0	61	4500
1479121.0	74	2000
1479121.0	72	1000
1479121.0	63	700
1479079.0	69	226175
1480063.0	99	0
1480050.0	99	0
1480006.0	99	0
1480018.0	69	1800
1480012.0	99	0
1480044.0	99	0
1480025.0	99	0
1480031.0	69	2500
1480037.0	69	100
1481023.0	74	2600
1481006.0	69	10500
1481039.0	99	0
1481043.0	99	0
1481014.0	99	0
1481081.0	69	267000
1481081.0	72	2000
1481065.0	69	2000
1481073.0	69	3200
1481073.0	72	1000
1481056.0	65	3500
1481056.0	68	2700
1481031.0	69	1650
1482101.0	69	12000
1482101.0	72	500
1482117.0	69	92000
1482052.0	99	0
1482036.0	61	5000
1482036.0	69	3000
1482020.0	69	60000
1482003.0	99	0
1482149.0	99	0
1482084.0	69	126000
1482068.0	99	0
1482133.0	68	8000
1433062.0	99	0
1433079.0	69	30000
1433045.0	69	5000
1433045.0	62	400
1433036.0	99	0
1433027.0	68	5000
1433071.0	69	3000
1433053.0	69	4400
1433018.0	69	9000
1433018.0	61	4500
1433018.0	65	3500
1433010.0	99	0
1433001.0	69	80000
1434005.0	69	15600
1434029.0	68	3000
1434029.0	62	350
1434021.0	99	0
1434013.0	75	100000
1434037.0	99	0
1434045.0	65	3000
1434045.0	68	2500
1434068.0	68	8000
1434068.0	65	4500
1434068.0	69	3000
1434053.0	99	0
1434076.0	68	4800
1434061.0	99	0
1435078.0	69	24000
1435053.0	99	0
1435036.0	70	16000
1435044.0	99	0
1435028.0	69	36000
1435011.0	69	30000
1435003.0	99	0
1435020.0	69	30000
1435020.0	72	1200
1435061.0	69	38000
1435069.0	70	10200
1436008.0	69	150000
1436008.0	68	5500
1436018.0	72	6000
1436077.0	99	0
1436067.0	69	15000
1436037.0	69	42000
1436057.0	99	0
1436028.0	69	730000
1436028.0	63	500000
1436028.0	70	21000
1436047.0	69	12000
1436096.0	75	250000
1436096.0	61	10000
1436086.0	75	300000
1436086.0	69	75000
1436086.0	70	50000
1436086.0	62	38000
1436086.0	68	12000
1436086.0	61	8000
1436086.0	74	5000
1437047.0	99	0
1437103.0	69	7200
1437058.0	69	1500
1437069.0	99	0
1437080.0	69	120000
1437080.0	72	1000
1437024.0	69	27000
1437036.0	99	0
1437092.0	68	10000
1437002.0	63	50000
1437002.0	69	12000
1437013.0	70	800000
1438081.0	69	60000
1438081.0	68	5000
1438081.0	62	3000
1438034.0	69	1000000
1438034.0	70	20000
1438034.0	74	4000
1438034.0	72	3500
1438023.0	69	148000
1438023.0	63	20000
1438023.0	70	8000
1438011.0	63	50000
1438011.0	69	20000
1438011.0	74	6000
1438046.0	69	80000
1438046.0	68	7000
1438110.0	69	15000
1438058.0	69	60000
1438092.0	70	500000
1438092.0	63	10000
1438104.0	99	0
1438069.0	63	565000
1438069.0	70	120000
1438069.0	68	22000
1438069.0	61	2000
1438069.0	72	100
1439053.0	72	6020
1439053.0	61	4000
1439075.0	69	100000
1439075.0	63	40000
1439075.0	70	40000
1439075.0	74	20000
1439018.0	69	67200
1439018.0	61	26000
1439018.0	68	9000
1439014.0	69	2500
1439110.0	99	0
1439064.0	69	300000
1439064.0	72	50000
1439030.0	70	500000
1439030.0	69	60000
1439087.0	99	0
1439098.0	69	12600
1439007.0	69	13000
1439007.0	61	10200
1439007.0	68	7900
1445011.0	69	10800
1445011.0	68	3300
1445068.0	69	16000
1445019.0	61	16000
1445019.0	69	8000
1445019.0	66	6700
1445019.0	67	3999
1445019.0	68	2500
1445019.0	62	400
1445076.0	72	1260
1445076.0	65	750
1445003.0	68	2500
1445003.0	69	900
1445051.0	99	0
1445027.0	69	15000
1445060.0	74	1000
1445035.0	61	15000
1445035.0	62	350
1445043.0	69	64000
1445043.0	61	5300
1445043.0	65	5000
1446016.0	69	300
1446008.0	99	0
1446024.0	75	8000
1446024.0	72	6000
1446033.0	69	2000
1446074.0	69	46000
1446082.0	69	41000
1446082.0	67	3000
1446065.0	69	3000
1446057.0	69	120000
1446049.0	68	200
1446041.0	69	20000
1446041.0	61	11000
1446041.0	66	7500
1446041.0	67	4500
1446041.0	68	3500
1446041.0	65	3200
1446041.0	72	501
1446041.0	74	500
1446041.0	62	450
1440002.0	72	400
1440007.0	61	10000
1440007.0	66	6900
1440007.0	68	4000
1440007.0	62	1000
1440007.0	69	1000
1440004.0	69	10800
1440011.0	69	10500
1440003.0	69	7200
1440013.0	69	750
1440012.0	69	1200
1440005.0	69	7000
1440009.0	99	0
1440008.0	69	2500
1448047.0	99	0
1448053.0	99	0
1448040.0	99	0
1448067.0	69	5000
1448013.0	69	58000
1448027.0	99	0
1448033.0	72	60000
1448033.0	69	10500
1448033.0	74	3000
1448033.0	68	2500
1448033.0	66	1700
1448020.0	72	2000
1448065.0	69	1650
1448006.0	99	0
1449037.0	69	100000
1449046.0	65	25000
1449046.0	75	15000
1449046.0	69	6000
1449046.0	68	2000
1449046.0	62	600
1449056.0	99	0
1449066.0	69	12000
1449075.0	72	3000
1449027.0	99	0
1449017.0	99	0
1449085.0	66	6800
1449085.0	67	3500
1449085.0	74	2000
1449095.0	69	4700
1449008.0	69	50000
1450010.0	69	24000
1450010.0	74	4000
1450010.0	72	200
1450002.0	63	10000
1450002.0	74	5000
1450002.0	69	3600
1450002.0	72	65
1450036.0	99	0
1450044.0	99	0
1450070.0	68	9000
1450070.0	61	6000
1450070.0	67	6000
1450082.0	69	5400
1450082.0	72	5000
1450079.0	72	4000
1450079.0	69	3600
1450053.0	99	0
1450078.0	69	5850
1450078.0	61	3800
1450078.0	62	1200
1450061.0	69	100000
1451053.0	69	60000
1451053.0	61	33000
1451053.0	66	7500
1451079.0	61	4000
1451079.0	63	2000
1451079.0	68	2000
1451036.0	69	80000
1451044.0	99	0
1451027.0	99	0
1451018.0	69	60000
1451018.0	63	35000
1451018.0	70	18000
1451070.0	74	50000
1451062.0	74	100000
1451062.0	72	35000
1451062.0	70	24000
1451062.0	68	8000
1451001.0	71	15000
1451001.0	68	9500
1451001.0	66	9000
1451001.0	67	4000
1451001.0	62	600
1451009.0	69	60000
1456059.0	69	20000
1456066.0	69	25000
1456066.0	63	3500
1456051.0	69	18000
1456037.0	69	4500
1456044.0	69	5000
1456044.0	72	200
1456074.0	69	37000
1456007.0	62	27000
1456007.0	66	16500
1456007.0	65	15000
1456007.0	63	13000
1456007.0	69	11400
1456007.0	61	10000
1456007.0	67	5000
1456014.0	68	2500
1456014.0	63	2200
1456014.0	62	560
1456014.0	65	550
1456022.0	69	6000
1456029.0	69	82000
1456029.0	75	40000
1456029.0	70	32000
1456029.0	67	3000
1456029.0	68	2000
1456029.0	62	1800
1452066.0	69	7200
1452056.0	99	0
1452026.0	99	0
1452016.0	69	8000
1452036.0	69	2400
1452046.0	69	25600
1452086.0	99	0
1452096.0	69	5600
1452076.0	72	200
1452006.0	99	0
1453100.0	99	0
1453089.0	99	0
1453078.0	61	9000
1453078.0	62	1500
1453078.0	67	900
1453057.0	99	0
1453025.0	69	27000
1453015.0	99	0
1453004.0	69	6000
1453047.0	69	12000
1453047.0	70	5760
1453047.0	65	4050
1453047.0	72	500
1453036.0	99	0
1453068.0	61	4000
1453068.0	74	500
222045.0	69	30000
222003.0	69	3000
222003.0	74	2000
222078.0	72	100
222012.0	99	0
222037.0	69	1080
222053.0	99	0
222020.0	68	600
222020.0	63	550
222061.0	69	600
222028.0	69	10000
222028.0	61	6000
222028.0	74	300
222070.0	72	1500
1465115.0	99	0
1465151.0	99	0
1465169.0	69	1000
1465026.0	73	60000
1465026.0	61	6000
1465026.0	69	2000
1465026.0	72	800
1465080.0	72	360
1465095.0	99	0
1465008.0	63	7000
1465044.0	63	20000
1465044.0	73	20000
1465044.0	68	15000
1465044.0	71	10000
1465044.0	74	10000
1465044.0	61	5000
1465044.0	70	5000
1465044.0	75	5000
1465044.0	67	4500
1465062.0	69	40000
1465062.0	68	2700
1465062.0	61	2500
1465062.0	63	2500
1465133.0	61	40000
1465133.0	69	24000
1465133.0	63	7200
1466033.0	61	5000
1466061.0	69	46000
1466061.0	61	30000
1466061.0	68	6000
1466061.0	65	1500
1466061.0	72	500
1466061.0	73	500
1466061.0	74	500
1466061.0	71	400
1466068.0	69	80000
1466005.0	99	0
1466012.0	69	2000
1466054.0	99	0
1466047.0	69	60000
1466026.0	69	4000
1466026.0	74	3000
1466026.0	65	800
1466019.0	68	4000
1466019.0	69	4000
1466019.0	74	500
1466019.0	62	250
1466040.0	99	0
237043.0	66	7000
237043.0	67	5000
237043.0	62	300
237043.0	69	240
237043.0	72	150
237033.0	99	0
237063.0	69	300
237082.0	61	8000
237082.0	69	2000
237092.0	69	2500
237053.0	71	4000
237053.0	69	1050
237053.0	72	200
237053.0	74	200
237014.0	65	4500
237014.0	68	3000
237014.0	72	350
237014.0	73	200
237072.0	69	27000
237023.0	69	15000
237004.0	99	0
1469070.0	69	35000
1469070.0	72	6000
1469026.0	70	2840
1469026.0	61	1000
1469026.0	65	500
1469017.0	69	25000
1469008.0	69	3600
1469088.0	72	1500
1469079.0	99	0
1469035.0	99	0
1469061.0	69	7000
1469044.0	99	0
1469052.0	99	0
1470010.0	69	12000
1470010.0	70	5000
1470013.0	69	3000
1470004.0	99	0
1470018.0	69	3000
1470024.0	69	50000
1470024.0	72	2500
1470020.0	68	2000
1470028.0	72	1400
1470015.0	69	50000
1470015.0	72	30000
1470015.0	68	21500
1470005.0	69	38000
1470001.0	99	0
1471062.0	99	0
1471047.0	69	19800
1471032.0	69	12000
1471025.0	69	15000
1471025.0	70	4000
1471054.0	69	60000
1471054.0	63	34000
1471054.0	70	13600
1471054.0	72	4000
1471010.0	63	8000
1471010.0	70	2400
1471010.0	72	1200
1471069.0	69	9000
1471069.0	74	1800
1471018.0	99	0
1471040.0	69	21000
1471003.0	69	39000
1471003.0	68	24000
1471003.0	74	20000
1471003.0	61	9500
1472045.0	69	50000
1472014.0	74	12000
1472014.0	69	4100
1472014.0	72	600
1472003.0	69	5000
1472003.0	74	800
1472003.0	65	660
1472003.0	75	180
1472096.0	99	0
1472034.0	69	20000
1472055.0	75	28000
1472055.0	69	10000
1472055.0	72	2000
1472055.0	65	1000
1472075.0	99	0
1472065.0	61	4000
1472065.0	69	2550
1472086.0	99	0
1472024.0	73	100000
1472024.0	69	5000
1472024.0	65	800
1472024.0	74	800
1480056.0	99	0
1620065.0	69	36000
1620065.0	74	25000
1620065.0	61	17000
1620024.0	99	0
1620058.0	69	12600
1620058.0	72	1500
1620004.0	72	19000
1620004.0	71	16000
1620004.0	63	7000
1620004.0	65	1200
1620004.0	62	400
1620011.0	68	2500
1620011.0	62	150
1620011.0	61	100
1620031.0	75	40000
1620031.0	72	20000
1620031.0	74	7000
1620031.0	68	2500
1620031.0	69	2000
1620010.0	65	500
1620038.0	69	5000
1620038.0	61	4800
1620051.0	69	27000
1620051.0	74	2000
1620051.0	61	1000
1620051.0	72	1000
1620044.0	99	0
202041.0	69	1800
